1 0.513888888888889 0.07818865740740741 0.046527777777777855 0.04719907407407407
1 0.3359259259259259 0.0240625 0.04156250000000004 0.042476851851851856
1 0.23347800925925927 0.15835648148148146 0.04046296296296301 0.050277777777777824
1 0.12508101851851852 0.34032986111111113 0.04156249999999999 0.042476851851851904
1 0.88828125 0.5205324074074074 0.03678240740740755 0.040879629629629655
0 0.7234317129629629 0.3241840277777778 0.04662037037037035 0.04876157407407407
1 0.7545833333333334 0.6550578703703704 0.031909722222222214 0.0377199074074074
1 0.762962962962963 0.7244965277777778 0.030254629629629548 0.0361458333333335
1 0.7528298611111112 0.7768923611111112 0.03016203703703706 0.03458333333333332
1 0.7542418981481482 0.805775462962963 0.02712962962962955 0.036122685185185334
1 0.7343692129629631 0.8512152777777778 0.030254629629629548 0.03614583333333314
1 0.7009895833333333 0.8873842592592591 0.02850694444444457 0.03300925925925924
1 0.6076331018518518 0.8287268518518518 0.03181712962962955 0.0361574074074074