0 0.478125 0.3703125 0.02890625 0.04375
1 0.19609375 0.209375 0.0265625 0.03515625
1 0.21640625 0.38046875 0.03046875 0.034375
1 0.30859375 0.5078125 0.03203125 0.040625
1 0.33203125 0.5609375 0.03203125 0.040625
1 0.92109375 0.39140625 0.028125 0.03359375
1 0.86953125 0.39765625 0.0265625 0.0390625
1 0.85859375 0.43046875 0.0265625 0.0359375
1 0.884375 0.44296875 0.02734375 0.0390625
1 0.903125 0.4578125 0.025 0.03515625
1 0.8734375 0.4765625 0.02578125 0.03671875
1 0.8984375 0.5125 0.02578125 0.03671875
1 0.83203125 0.51171875 0.02734375 0.03828125
1 0.83984375 0.54296875 0.025 0.0375
1 0.86640625 0.56171875 0.028125 0.03828125