0 0.9407060185185184 0.4348668981481481 0.028414351851851906 0.033217592592592736
1 0.18891782407407406 0.3940393518518518 0.027037037037037016 0.036226851851851906
1 0.20629629629629628 0.40923032407407406 0.02859953703703706 0.03634259259259256
1 0.22427083333333334 0.421238425925926 0.03016203703703706 0.03645833333333322
1 0.1917361111111111 0.4283564814814815 0.02859953703703706 0.03634259259259256
1 0.20980324074074072 0.4419270833333334 0.030254629629629638 0.03802083333333321
1 0.24725694444444443 0.4383680555555555 0.02859953703703706 0.03634259259259256
1 0.22865162037037035 0.4554398148148149 0.026944444444444392 0.034664351851851904
1 0.19303819444444445 0.4635706018518519 0.028692129629629637 0.03790509259259274
1 0.26785300925925926 0.45489004629629626 0.028784722222222215 0.03946759259259256
1 0.24851273148148145 0.47280092592592593 0.02859953703703706 0.03634259259259274
1 0.23321759259259256 0.4927662037037037 0.028506944444444394 0.03478009259259256
1 0.21280671296296294 0.479369212962963 0.028414351851851906 0.03321759259259256
1 0.19810763888888888 0.4961516203703704 0.02859953703703706 0.03634259259259274
1 0.21631365740740743 0.5120659722222223 0.02547453703703706 0.03611111111111107
1 0.20161458333333332 0.5288483796296296 0.026944444444444483 0.034664351851851904