1 0.2938888888888889 0.3526273148148148 0.03944444444444439 0.04402777777777782
1 0.09866319444444445 0.5494502314814815 0.03475694444444444 0.04399305555555557
1 0.27085069444444443 0.6607118055555555 0.04250000000000007 0.042488425925925985
1 0.2653298611111111 0.7123321759259259 0.03618055555555557 0.040879629629629474
1 0.16425347222222222 0.7240219907407408 0.03482638888888889 0.04555555555555557
1 0.766875 0.3037962962962963 0.031145833333333428 0.033032407407407406
1 0.8840798611111111 0.35607060185185185 0.029652777777777573 0.03458333333333332
1 0.8768576388888889 0.4045775462962963 0.026388888888888927 0.031435185185185156
1 0.9093229166666668 0.43168981481481483 0.02802083333333343 0.03300925925925924
1 0.9456770833333333 0.44079861111111107 0.02489583333333343 0.03298611111111107
1 0.8111979166666666 0.5449537037037037 0.03454861111111107 0.03930555555555557
1 0.8202604166666667 0.5730208333333333 0.03454861111111107 0.03930555555555557
1 0.9325868055555556 0.56828125 0.029583333333333427 0.03302083333333332
1 0.9416319444444443 0.6135416666666667 0.02802083333333343 0.03300925925925924
0 0.9301041666666666 0.45967013888888886 0.02795138888888893 0.03144675925925924