0 0.9145833333333334 0.5570543981481482 0.035520833333333356 0.04111111111111114
1 0.05244791666666667 0.4097743055555556 0.041874999999999996 0.042766203703703806
1 0.11796875 0.5765335648148148 0.04697916666666666 0.04908564814814813
1 0.24036458333333335 0.6643692129629629 0.048541666666666664 0.049108796296296296
1 0.27807291666666667 0.7087210648148148 0.04552083333333332 0.05062499999999996
1 0.7684895833333334 0.7073842592592593 0.04697916666666657 0.04908564814814813
1 0.7752083333333333 0.32507523148148143 0.036979166666666605 0.039571759259259306
1 0.73 0.3580324074074074 0.03708333333333336 0.04113425925925922
1 0.7293749999999999 0.3908680555555556 0.04031249999999993 0.042743055555555465
1 0.7791145833333333 0.3603240740740741 0.03541666666666661 0.039548611111111145
1 0.8696354166666665 0.3397685185185185 0.032187499999999855 0.03793981481481481
1 0.82421875 0.4345023148148148 0.033749999999999857 0.037962962962962976
1 0.9143229166666668 0.44365740740740744 0.03031250000000014 0.03322916666666664
1 0.8376041666666666 0.4800578703703704 0.03208333333333328 0.03637731481481481
1 0.8162500000000001 0.5188425925925926 0.033749999999999857 0.037962962962962976