0 0.82734375 0.2640625 0.0359375 0.04375
1 0.9796875 0.56328125 0.0265625 0.03984375
1 0.83125 0.8859375 0.02890625 0.03671875
1 0.75546875 0.553125 0.03046875 0.0453125
1 0.56875 0.75390625 0.03046875 0.03984375
1 0.5703125 0.85546875 0.0296875 0.040625
1 0.39453125 0.228125 0.02890625 0.03984375
1 0.2921875 0.2703125 0.025 0.03203125
1 0.18828125 0.3171875 0.021875 0.02890625
1 0.19765625 0.365625 0.02265625 0.0265625
1 0.13984375 0.4 0.01796875 0.02578125
1 0.1609375 0.4203125 0.02109375 0.028125
1 0.16015625 0.5171875 0.01875 0.028125
1 0.15546875 0.55859375 0.0203125 0.028125