0 0.65390625 0.71015625 0.0359375 0.0421875
1 0.18046875 0.234375 0.02890625 0.03828125
1 0.20390625 0.4046875 0.02734375 0.03515625
1 0.2953125 0.53046875 0.03359375 0.0421875
1 0.31953125 0.5828125 0.0328125 0.04921875
1 0.5078125 0.5296875 0.0375 0.04609375
1 0.9015625 0.40078125 0.02578125 0.03515625
1 0.84921875 0.409375 0.0265625 0.0359375
1 0.8390625 0.43984375 0.02578125 0.0359375
1 0.8640625 0.453125 0.028125 0.03515625
1 0.884375 0.46875 0.02578125 0.0359375
1 0.85546875 0.48515625 0.02734375 0.03359375
1 0.88046875 0.5203125 0.02578125 0.03515625
1 0.8125 0.52109375 0.02578125 0.03515625
1 0.821875 0.5515625 0.0265625 0.0375
1 0.84765625 0.56953125 0.0265625 0.03515625