1 0.34453125 0.19140625 0.02734375 0.03671875
1 0.22890625 0.5078125 0.03046875 0.04609375
0 0.44765625 0.3265625 0.03203125 0.040625
1 0.76640625 0.91640625 0.028125 0.03671875
1 0.9875 0.46015625 0.021875 0.0328125
1 0.9171875 0.62890625 0.0265625 0.0328125
1 0.9484375 0.6921875 0.025 0.034375
1 0.959375 0.746875 0.021875 0.03203125
1 0.9703125 0.77578125 0.01953125 0.0328125
1 0.96796875 0.82734375 0.0203125 0.03125
1 0.94765625 0.87734375 0.02109375 0.03203125
1 0.840625 0.8484375 0.025 0.034375