0 0.20796874999999998 0.44633680555555555 0.03239583333333336 0.040844907407407406
1 0.8718229166666667 0.3913946759259259 0.028854166666666715 0.03457175925925924
1 0.8556250000000001 0.4063657407407407 0.027395833333333286 0.036122685185185154
1 0.8394270833333334 0.4213368055555556 0.030416666666666713 0.03458333333333332
1 0.8733854166666667 0.42655671296296294 0.025729166666666713 0.03454861111111107
1 0.8580208333333333 0.44230324074074073 0.028854166666666715 0.03457175925925924
1 0.8203125 0.43945601851851845 0.027291666666666714 0.03456018518518533
1 0.7986979166666666 0.4552488425925926 0.033958333333333354 0.04085648148148149
1 0.8741666666666668 0.46172453703703703 0.028854166666666715 0.03457175925925924
1 0.83921875 0.4533854166666667 0.028854166666666715 0.03457175925925924
1 0.8210416666666667 0.47384259259259254 0.027395833333333286 0.036122685185185334
1 0.8379166666666666 0.4924768518518518 0.03031250000000014 0.03302083333333332
1 0.8549479166666666 0.47828125000000005 0.028854166666666715 0.03457175925925924
1 0.8739583333333334 0.49377314814814816 0.028854166666666715 0.03457175925925924
1 0.8561979166666667 0.5087557870370369 0.025729166666666713 0.03454861111111107
1 0.8738541666666666 0.5273842592592592 0.027083333333333216 0.03143518518518533