1 0.18125 0.25 0.02578125 0.034375
1 0.2125 0.425 0.02421875 0.03828125
1 0.31328125 0.53984375 0.0296875 0.0421875
1 0.34140625 0.590625 0.02890625 0.03984375
1 0.82265625 0.6625 0.0359375 0.03984375
0 0.971875 0.521875 0.02265625 0.0328125
1 0.8515625 0.37265625 0.028125 0.034375
1 0.8453125 0.40390625 0.02734375 0.03359375
1 0.92421875 0.4765625 0.02421875 0.03515625
1 0.9453125 0.51328125 0.02421875 0.03125
1 0.9140625 0.5203125 0.0234375 0.03359375
1 0.9671875 0.55234375 0.0203125 0.028125
1 0.89375 0.56953125 0.0234375 0.03359375