1 0.6763483796296297 0.12137152777777778 0.03343749999999997 0.04241898148148149
1 0.7926215277777777 0.45101273148148147 0.034756944444444396 0.03774305555555557
0 0.7317592592592593 0.4068287037037037 0.03187500000000014 0.04240740740740741
1 0.10680555555555556 0.5537037037037037 0.03359953703703704 0.04554398148148149
1 0.07969907407407407 0.6183217592592593 0.028263888888888887 0.03300925925925924
1 0.07472222222222222 0.6729513888888888 0.02670138888888891 0.03299768518518533
1 0.06610532407407407 0.7025636574074074 0.023414351851851856 0.029849537037036987
1 0.07182291666666667 0.7525868055555556 0.02662037037037037 0.031435185185185156
1 0.09296296296296297 0.7988194444444444 0.024976851851851854 0.02986111111111107
1 0.19430555555555556 0.7652083333333334 0.02982638888888891 0.03302083333333332
1 0.2663773148148148 0.8297800925925927 0.030069444444444392 0.03770833333333314