0 0.7188425925925925 0.7130729166666667 0.041296296296296296 0.04711805555555557
1 0.22005787037037033 0.18409722222222222 0.030312499999999964 0.04350694444444443
1 0.328761574074074 0.34500000000000003 0.038101851851851797 0.04229166666666675
1 0.34291666666666665 0.561701388888889 0.03343749999999997 0.043645833333333425
1 0.3772337962962963 0.5562673611111111 0.036539351851851885 0.04222222222222225
1 0.5938483796296297 0.5607118055555556 0.035092592592592634 0.04996527777777775
1 0.9074652777777779 0.35836805555555556 0.03500000000000014 0.04371527777777775
1 0.858454861111111 0.3746180555555555 0.03497685185185162 0.04215277777777775
1 0.8526678240740739 0.4061458333333333 0.028680555555555286 0.03874999999999993
1 0.8762094907407407 0.41213541666666664 0.03810185185185198 0.04229166666666675
1 0.896730324074074 0.42529513888888887 0.03180555555555564 0.03888888888888893
1 0.8736053240740741 0.44743055555555555 0.028703703703703808 0.04031249999999993
1 0.8998379629629628 0.4767534722222222 0.03028935185185162 0.04194444444444443
1 0.8343171296296298 0.48670138888888886 0.034953703703703806 0.04059027777777775
1 0.8488194444444446 0.5157638888888889 0.03028935185185162 0.04194444444444443
1 0.8717418981481482 0.5327256944444445 0.034930555555555645 0.03902777777777775