0 0.715625 0.1953125 0.03046875 0.05
1 0.165625 0.25859375 0.0296875 0.03515625
1 0.18203125 0.43359375 0.03046875 0.03984375
1 0.2734375 0.56171875 0.03203125 0.0421875
1 0.29765625 0.61640625 0.0296875 0.03671875
1 0.86796875 0.41484375 0.02578125 0.03359375
1 0.81640625 0.43046875 0.03046875 0.0375
1 0.809375 0.46015625 0.025 0.0359375
1 0.8625 0.4515625 0.0265625 0.0359375
1 0.9640625 0.5359375 0.02109375 0.03203125
1 0.8875 0.5390625 0.01953125 0.03359375
1 0.8765625 0.5828125 0.0265625 0.03671875
1 0.9015625 0.578125 0.0265625 0.03203125
1 0.85703125 0.63125 0.0265625 0.03828125
1 0.94921875 0.67734375 0.02109375 0.034375