0 0.17890625 0.4421875 0.0296875 0.03984375
1 0.846875 0.40390625 0.02578125 0.034375
1 0.8296875 0.41796875 0.02421875 0.03515625
1 0.8125 0.4328125 0.02734375 0.034375
1 0.8453125 0.4390625 0.02265625 0.034375
1 0.82890625 0.45390625 0.02578125 0.034375
1 0.79140625 0.45078125 0.025 0.034375
1 0.76875 0.465625 0.03125 0.03984375
1 0.84375 0.47421875 0.0265625 0.03359375
1 0.809375 0.46484375 0.02578125 0.034375
1 0.7890625 0.484375 0.025 0.0359375
1 0.8046875 0.50390625 0.02734375 0.0328125
1 0.82265625 0.48984375 0.02578125 0.03359375
1 0.840625 0.50625 0.02578125 0.034375
1 0.821875 0.5203125 0.02265625 0.034375
1 0.8375 0.53984375 0.025 0.03125