0 0.6873437499999999 0.666232638888889 0.04006944444444436 0.04704861111111107
1 0.16444444444444445 0.25623263888888886 0.03371527777777779 0.04208333333333334
1 0.20644097222222219 0.42171875 0.030520833333333285 0.03881944444444443
1 0.31062500000000004 0.5351736111111111 0.03850694444444445 0.04697916666666657
1 0.3406423611111111 0.5838888888888889 0.03864583333333336 0.05322916666666657
1 0.5219097222222222 0.5062326388888889 0.04170138888888886 0.05024305555555557
1 0.8995486111111111 0.32678819444444446 0.028958333333333287 0.03875000000000002
1 0.8482638888888889 0.3415798611111111 0.030520833333333285 0.03881944444444443
1 0.8419270833333334 0.3731423611111111 0.028958333333333287 0.03875000000000002
1 0.86796875 0.3837152777777778 0.03208333333333328 0.03888888888888893
1 0.8901388888888888 0.39602430555555557 0.028958333333333287 0.03875000000000002
1 0.8632118055555555 0.41598958333333336 0.03048611111111086 0.037256944444444426
1 0.8912847222222222 0.4475868055555555 0.028958333333333287 0.03874999999999993
1 0.8242534722222222 0.4576041666666667 0.028958333333333287 0.03874999999999993
1 0.8366319444444443 0.48677083333333326 0.030555555555555714 0.04038194444444443
1 0.8643229166666666 0.5011805555555556 0.030520833333333285 0.03881944444444443