0 0.8515625 0.3995891203703704 0.047534722222222214 0.0506712962962963
1 0.8609895833333333 0.6272222222222222 0.04100694444444457 0.044328703703703634
1 0.8395833333333332 0.6339409722222221 0.037812499999999714 0.04271990740740748
1 0.8174652777777777 0.6390856481481482 0.039444444444444574 0.04430555555555564
1 0.8447222222222223 0.6590335648148148 0.03461805555555557 0.04111111111111114
1 0.8233159722222222 0.6657523148148148 0.036250000000000074 0.04269675925925931
1 0.7905208333333332 0.6472858796296297 0.03781250000000007 0.04271990740740748
1 0.7660937499999999 0.6516145833333333 0.041145833333333215 0.04745370370370381
1 0.7988888888888889 0.6700810185185185 0.03937500000000007 0.042743055555555645
1 0.8260763888888889 0.6915914351851852 0.03781250000000007 0.04271990740740748
1 0.802326388888889 0.6982754629629631 0.03774305555555557 0.041157407407407476
1 0.7735416666666667 0.6775231481481482 0.03781250000000007 0.04271990740740748
1 0.7794965277777777 0.7018460648148148 0.03781250000000007 0.04271990740740748
1 0.8099479166666667 0.7202777777777778 0.03781250000000007 0.04271990740740748
1 0.7862326388888888 0.7261805555555556 0.03611111111111107 0.039571759259259306
1 0.7907291666666666 0.748136574074074 0.03774305555555557 0.041157407407407476