0 0.9987239583333334 0.5474479166666667 0.0025520833333331438 0.03773148148148149
1 0.12083333333333335 0.3938310185185185 0.041875000000000016 0.042476851851851904
1 0.20651041666666664 0.5534317129629629 0.04697916666666666 0.04876157407407398
1 0.34463541666666664 0.6438599537037037 0.05687499999999997 0.056643518518518475
1 0.38890625 0.6865219907407407 0.04364583333333334 0.04561342592592581
1 0.8811979166666667 0.6844386574074074 0.0453125 0.04718750000000007
1 0.8334895833333335 0.2971006944444444 0.03697916666666643 0.03931712962962965
1 0.7934375 0.32944444444444443 0.038750000000000104 0.042453703703703737
1 0.8428645833333335 0.33220486111111114 0.038750000000000284 0.042453703703703737
1 0.7987500000000001 0.3622337962962963 0.046875 0.04719907407407407
1 0.9660416666666667 0.3742824074074074 0.030520833333333285 0.03614583333333332
1 0.8977604166666666 0.4052719907407408 0.033645833333333285 0.03616898148148149
1 0.9195833333333333 0.45122685185185185 0.033645833333333285 0.03616898148148149
1 0.9025520833333334 0.4888715277777778 0.03531249999999986 0.03774305555555557
1 0.9956510416666667 0.5123321759259258 0.008697916666666573 0.0345833333333335