0 0.8027719907407407 0.3054340277777778 0.04616898148148145 0.058819444444444445
1 0.265619212962963 0.1645486111111111 0.04127314814814813 0.044652777777777784
1 0.21934606481481483 0.33388888888888885 0.042905092592592634 0.04937500000000004
1 0.25850694444444444 0.48637152777777776 0.044490740740740796 0.05097222222222229
1 0.2623148148148148 0.5458506944444445 0.041296296296296296 0.046215277777777786
1 0.8669097222222224 0.5655381944444444 0.03653935185185162 0.041423611111111217
1 0.8130497685185185 0.5612152777777778 0.04285879629629648 0.04624999999999986
1 0.796261574074074 0.5866319444444444 0.03656249999999996 0.04298611111111121
1 0.8484664351851852 0.5971701388888888 0.038125000000000145 0.043020833333333286
1 0.9131828703703704 0.7127083333333333 0.03180555555555564 0.03819444444444446
1 0.8408622685185186 0.6884375 0.030243055555555287 0.03815972222222221
1 0.815318287037037 0.7246006944444444 0.03814814814814795 0.04458333333333329
1 0.8402488425925926 0.72984375 0.03651620370370381 0.039861111111111215
1 0.7795833333333333 0.7628819444444443 0.0381712962962963 0.04614583333333329
1 0.8495659722222222 0.8394618055555554 0.03182870370370381 0.03975694444444429