1 0.016961805555555556 0.3537326388888889 0.02420138888888889 0.05190972222222223
1 0.10701967592592591 0.5250925925925927 0.03975694444444446 0.04745370370370381
1 0.2613483796296296 0.6040740740740741 0.046076388888888965 0.05223379629629612
1 0.30961805555555555 0.6447743055555556 0.0460532407407408 0.0506712962962963
0 0.9110069444444445 0.4131597222222222 0.02863425925925931 0.034791666666666644
1 0.7131481481481481 0.24417824074074074 0.0349768518518518 0.04113425925925931
1 0.7174826388888889 0.2730266203703704 0.036539351851851976 0.041157407407407476
1 0.8056539351851851 0.317042824074074 0.03339120370370381 0.039548611111111145
1 0.8723206018518518 0.2808912037037037 0.028634259259258953 0.034791666666666644
1 0.8380555555555557 0.341568287037037 0.030196759259258955 0.03481481481481481
1 0.8124942129629631 0.35679398148148145 0.03180555555555529 0.037962962962962976
1 0.8665740740740742 0.3677141203703703 0.030219907407407477 0.03637731481481481
1 0.8132233796296295 0.4060127314814815 0.034953703703703806 0.039571759259259306
1 0.7835358796296296 0.5119444444444444 0.033368055555555644 0.037986111111111144
1 0.928605324074074 0.49338541666666663 0.02863425925925931 0.034791666666666644