0 0.4805439814814815 0.3777372685185185 0.04449074074074062 0.05032407407407406
1 0.13278356481481482 0.473587962962963 0.03185185185185184 0.04085648148148149
1 0.15090277777777777 0.4838773148148148 0.03341435185185189 0.040868055555555574
1 0.17291666666666666 0.49341435185185184 0.03185185185185189 0.04085648148148149
1 0.14188657407407407 0.5080266203703704 0.031782407407407384 0.03616898148148149
1 0.16155671296296298 0.5175462962962963 0.03026620370370372 0.039282407407407405
1 0.19810185185185186 0.506099537037037 0.033368055555555554 0.03774305555555557
1 0.18357060185185187 0.5270833333333333 0.03180555555555555 0.03773148148148149
1 0.15254050925925927 0.5416956018518518 0.03180555555555555 0.03773148148148149
1 0.1745775462962963 0.5527951388888889 0.03028935185185184 0.040844907407407406
1 0.22170138888888893 0.5172106481481482 0.03499999999999996 0.042442129629629656
1 0.20796296296296296 0.5389814814814815 0.03502314814814813 0.04400462962962966
1 0.197349537037037 0.560775462962963 0.033368055555555554 0.03774305555555557
1 0.16315972222222222 0.5730208333333333 0.03185185185185189 0.04085648148148149
1 0.18518518518518517 0.5833391203703704 0.03178240740740743 0.03616898148148149
1 0.1745486111111111 0.6035706018518519 0.03180555555555555 0.03773148148148149