1 0.9447858796296297 0.6361747685185185 0.03672453703703695 0.04582175925925931
1 0.5754398148148148 0.1826099537037037 0.041412037037036956 0.04589120370370368
1 0.41041087962962963 0.10131944444444443 0.041331018518518545 0.04432870370370372
1 0.31361689814814814 0.20683449074074076 0.039849537037037044 0.04586805555555555
1 0.2017824074074074 0.3535011574074074 0.04149305555555553 0.04745370370370372
0 0.31371527777777775 0.1334548611111111 0.035081018518518546 0.0442361111111111
1 0.814386574074074 0.7560243055555556 0.04313657407407412 0.0490393518518518
1 0.8276099537037037 0.8303819444444445 0.041412037037036956 0.04589120370370381
1 0.8187268518518518 0.8848958333333332 0.04116898148148138 0.04120370370370381
1 0.6744965277777778 0.9186689814814816 0.03820601851851855 0.04428240740740748
1 0.8226504629629631 0.9153993055555556 0.03155092592592581 0.03637731481481481
1 0.80625 0.9604340277777779 0.028263888888888998 0.033206018518518475
1 0.7705324074074074 0.9888252314814814 0.028263888888888998 0.022349537037037237