0 0.7546875 0.17265625 0.0328125 0.040625
1 0.17421875 0.24140625 0.0234375 0.034375
1 0.1859375 0.41328125 0.02890625 0.03125
1 0.27734375 0.53984375 0.02734375 0.03984375
1 0.3 0.59375 0.0328125 0.03828125
1 0.87421875 0.409375 0.0265625 0.034375
1 0.8234375 0.42265625 0.03203125 0.0421875
1 0.81328125 0.45625 0.03359375 0.03515625
1 0.86875 0.44609375 0.0328125 0.03984375
1 0.9703125 0.53203125 0.0265625 0.03515625
1 0.890625 0.53671875 0.0265625 0.03515625
1 0.91484375 0.571875 0.02421875 0.03828125
1 0.88046875 0.57578125 0.02734375 0.03828125
1 0.86015625 0.621875 0.02890625 0.03984375
1 0.953125 0.67734375 0.0265625 0.034375