0 0.49609375 0.371875 0.034375 0.04375
1 0.85859375 0.3890625 0.02421875 0.0359375
1 0.84296875 0.403125 0.02578125 0.03515625
1 0.82421875 0.4171875 0.0234375 0.0359375
1 0.8578125 0.42421875 0.02421875 0.03203125
1 0.840625 0.43828125 0.02265625 0.03515625
1 0.80234375 0.43515625 0.02578125 0.0328125
1 0.821875 0.45234375 0.02421875 0.03359375
1 0.85546875 0.459375 0.02421875 0.0328125
1 0.83671875 0.475 0.02265625 0.03671875
1 0.78203125 0.45078125 0.02734375 0.03671875
1 0.80078125 0.46875 0.02578125 0.0390625
1 0.81640625 0.48828125 0.02578125 0.03203125
1 0.85234375 0.4921875 0.0234375 0.03671875
1 0.83359375 0.50703125 0.02421875 0.03203125
1 0.8484375 0.52421875 0.025 0.0328125