0 0.87265625 0.71328125 0.02734375 0.040625
1 0.6859375 0.2015625 0.03203125 0.04609375
1 0.5140625 0.31328125 0.03046875 0.04609375
1 0.484375 0.46328125 0.0296875 0.04609375
1 0.49453125 0.66171875 0.03203125 0.04609375
1 0.903125 0.4453125 0.02421875 0.0390625
1 0.85234375 0.45078125 0.028125 0.03671875
1 0.8421875 0.4828125 0.02890625 0.0328125
1 0.8671875 0.496875 0.03125 0.0359375
1 0.88203125 0.521875 0.028125 0.03671875
1 0.86640625 0.54453125 0.025 0.034375
1 0.81640625 0.56015625 0.0265625 0.034375
1 0.86640625 0.5828125 0.0265625 0.03125
1 0.83359375 0.603125 0.0296875 0.0375
1 0.84921875 0.62265625 0.025 0.03515625
1 0.78125 0.75 0.028125 0.0359375