0 0.18285879629629628 0.68984375 0.03952546296296298 0.04184027777777786
1 0.050283564814814816 0.5344907407407408 0.03804398148148147 0.04328703703703703
1 0.13160879629629632 0.6019965277777779 0.042893518518518546 0.04675925925925917
1 0.17323495370370373 0.6393229166666666 0.03976851851851855 0.046527777777777855
1 0.27785300925925926 0.8408564814814815 0.033032407407407406 0.03668981481481488
1 0.15372685185185186 0.7133680555555555 0.04125000000000001 0.04508101851851851
1 0.2509490740740741 0.8022858796296297 0.036400462962962975 0.04160879629629619
1 0.18174189814814815 0.4881944444444445 0.05111111111111111 0.05515046296296298
1 0.23047453703703705 0.3774016203703704 0.04938657407407412 0.05190972222222223
1 0.5189988425925927 0.08825231481481481 0.04938657407407412 0.05190972222222223
1 0.5711863425925927 0.23920717592592594 0.05103009259259252 0.053587962962962976
1 0.8474305555555557 0.29858217592592595 0.04149305555555571 0.04976851851851851
1 0.9077430555555555 0.4711516203703704 0.04774305555555571 0.05023148148148131
1 0.677025462962963 0.5093171296296297 0.047824074074074116 0.05179398148148149
1 0.6964467592592593 0.703761574074074 0.04774305555555554 0.05023148148148149