1 0.3671875 0.10813657407407407 0.05510416666666664 0.05350694444444448
1 0.5171875 0.015543981481481483 0.046875 0.023773148148148147
1 0.6535416666666667 0.10479166666666666 0.050416666666666644 0.053472222222222233
1 0.8084895833333334 0.25039930555555556 0.050104166666666575 0.04878472222222223
1 0.15031250000000002 0.6500115740740741 0.045208333333333336 0.04562500000000007
0 0.24520833333333333 0.4102083333333333 0.055208333333333394 0.055069444444444574
1 0.31572916666666667 0.7418171296296296 0.04020833333333336 0.04090277777777764
1 0.32901041666666664 0.8121932870370371 0.036979166666666605 0.03931712962962948
1 0.35328125000000005 0.8600057870370371 0.03687500000000003 0.03775462962962948
1 0.3614583333333333 0.8889583333333334 0.03531250000000004 0.03774305555555557
1 0.3929166666666667 0.9274537037037037 0.036979166666666695 0.03931712962962948
1 0.4352083333333333 0.9527546296296296 0.035208333333333286 0.03618055555555557
1 0.5053124999999999 0.8681597222222223 0.038541666666666786 0.03932870370370374