1 0.16015625 0.25234375 0.02734375 0.03671875
1 0.196875 0.425 0.02890625 0.03828125
1 0.3 0.53828125 0.0328125 0.0421875
1 0.33203125 0.58984375 0.03671875 0.04375
1 0.84765625 0.34140625 0.0265625 0.03828125
0 0.96953125 0.4921875 0.02109375 0.02890625
1 0.99453125 0.45703125 0.0109375 0.0296875
1 0.92109375 0.44765625 0.02578125 0.03359375
1 0.9453125 0.48359375 0.0234375 0.03203125
1 0.91328125 0.4921875 0.0265625 0.034375
1 0.89296875 0.54296875 0.02734375 0.0359375
1 0.8234375 0.640625 0.0296875 0.0359375
1 0.83984375 0.37421875 0.02734375 0.03359375