1 0.6281828703703705 0.2072627314814815 0.031909722222222214 0.03859953703703702
1 0.7418344907407407 0.5223090277777779 0.03559027777777786 0.04809027777777786
0 0.5237557870370371 0.3443287037037037 0.03687500000000003 0.043460648148148096
1 0.20037615740740744 0.9391493055555555 0.031909722222222214 0.03859953703703702
1 0.05127893518518519 0.6541087962962964 0.030162037037037036 0.035416666666666784
1 0.020092592592592596 0.7179398148148148 0.028692129629629626 0.03692129629629619
1 0.010474537037037037 0.7723090277777778 0.020949074074074075 0.03368055555555553
1 0.0045399305555555575 0.8016493055555556 0.009079861111111115 0.03518518518518512
1 0.005723379629629632 0.8534143518518519 0.011446759259259264 0.03362268518518512
1 0.019322916666666672 0.9026909722222222 0.02538194444444445 0.03368055555555571
1 0.1268287037037037 0.8722222222222221 0.028692129629629637 0.03692129629629619