1 0.70546875 0.28203125 0.0296875 0.03828125
1 0.79375 0.56484375 0.034375 0.040625
1 0.8109375 0.6109375 0.0265625 0.03984375
1 0.90859375 0.6046875 0.0234375 0.03515625
1 0.928125 0.42734375 0.02265625 0.02734375
0 0.10703125 0.36953125 0.021875 0.03203125
1 0.096875 0.34140625 0.02265625 0.0265625
1 0.23828125 0.34375 0.02578125 0.03125
1 0.10859375 0.4546875 0.02109375 0.028125
1 0.12578125 0.50078125 0.0203125 0.02734375
1 0.09296875 0.521875 0.01875 0.0265625
1 0.25234375 0.5796875 0.0265625 0.03359375
1 0.246875 0.6078125 0.02265625 0.03125
1 0.13359375 0.6375 0.0203125 0.0265625
1 0.1359375 0.6828125 0.0203125 0.02421875