0 0.650462962962963 0.6927430555555556 0.04392361111111107 0.04937500000000004
1 0.22743055555555552 0.17913194444444444 0.0359375 0.04422453703703706
1 0.23379629629629628 0.35100694444444447 0.03269675925925926 0.04091435185185181
1 0.3115451388888889 0.4842013888888889 0.04079861111111107 0.04918981481481488
1 0.33000578703703703 0.5386979166666667 0.04103009259259256 0.05543981481481488
1 0.5235532407407407 0.5006076388888889 0.04565972222222214 0.054155092592592526
1 0.9286747685185185 0.4037847222222222 0.031134259259259167 0.04082175925925924
1 0.8755787037037038 0.40771412037037036 0.03269675925925952 0.0409143518518519
1 0.8618055555555555 0.4375 0.03269675925925917 0.0409143518518519
1 0.8858506944444444 0.45251736111111107 0.03425925925925917 0.04100694444444457
1 0.904513888888889 0.4702025462962963 0.03269675925925917 0.0409143518518519
1 0.873726851851852 0.4845543981481482 0.032638888888888926 0.0393518518518519
1 0.895457175925926 0.5216319444444444 0.031134259259259167 0.04082175925925924
1 0.8271412037037038 0.5162847222222222 0.03113425925925952 0.04082175925925924
1 0.8337962962962961 0.5479918981481482 0.03275462962962976 0.042476851851851904
1 0.8572337962962961 0.5677430555555556 0.03269675925925952 0.0409143518518519