0 0.0743113425925926 0.5195601851851851 0.02909722222222224 0.03427083333333343
1 0.8181597222222223 0.34604166666666664 0.02762731481481495 0.03731481481481484
1 0.802806712962963 0.3639988425925926 0.029189814814814953 0.037395833333333336
1 0.7852025462962963 0.37895254629629627 0.030752314814814774 0.03747685185185183
1 0.8179456018518518 0.3795949074074074 0.029189814814814953 0.03739583333333325
1 0.8018344907407406 0.3968113425925926 0.032361111111111285 0.039120370370370326
1 0.7635300925925926 0.39957754629629627 0.029189814814814773 0.037395833333333336
1 0.7841840277777777 0.41332754629629626 0.02758101851851862 0.03575231481481485
1 0.8192476851851851 0.4146296296296296 0.030798611111111283 0.03903935185185183
1 0.7449826388888889 0.4200405092592593 0.03084490740740744 0.04060185185185183
1 0.765636574074074 0.4337905092592592 0.029189814814814773 0.03739583333333343
1 0.7822916666666666 0.45086805555555554 0.029143518518518617 0.035833333333333425
1 0.8015046296296295 0.4342708333333333 0.029097222222222285 0.03427083333333343
1 0.8174942129629631 0.44748263888888895 0.029189814814814953 0.03739583333333343
1 0.8005324074074075 0.46708333333333335 0.02606481481481495 0.037233796296296265
1 0.8165219907407408 0.4802951388888889 0.02758101851851862 0.03575231481481467