1 0.69921875 0.325 0.0328125 0.03984375
1 0.92890625 0.48984375 0.02734375 0.040625
1 0.77890625 0.625 0.0359375 0.03828125
1 0.79375 0.675 0.0296875 0.03671875
1 0.89609375 0.671875 0.02734375 0.0421875
1 0.22265625 0.34609375 0.02578125 0.0296875
1 0.11640625 0.41484375 0.0234375 0.03125
1 0.1328125 0.46171875 0.021875 0.02890625
1 0.10546875 0.49296875 0.021875 0.03046875
1 0.07109375 0.5078125 0.01953125 0.0296875
1 0.2234375 0.58984375 0.028125 0.0359375
1 0.21953125 0.61875 0.028125 0.03515625
1 0.10703125 0.63125 0.0234375 0.03046875
1 0.10703125 0.6765625 0.021875 0.0296875
0 0.08984375 0.5234375 0.02265625 0.028125