0 0.93984375 0.7296875 0.02109375 0.03515625
1 0.15390625 0.290625 0.0265625 0.02890625
1 0.1734375 0.46640625 0.03203125 0.03671875
1 0.26640625 0.59609375 0.02734375 0.0421875
1 0.290625 0.6484375 0.03359375 0.04375
1 0.75390625 0.8140625 0.03359375 0.040625
1 0.94765625 0.69765625 0.02265625 0.034375
1 0.96171875 0.553125 0.02109375 0.0328125
1 0.8640625 0.43828125 0.02421875 0.034375
1 0.8125 0.45859375 0.02734375 0.0359375
1 0.859375 0.475 0.025 0.0375
1 0.803125 0.48984375 0.028125 0.0359375
1 0.8828125 0.5625 0.02421875 0.0328125
1 0.88515625 0.6109375 0.0234375 0.03359375
1 0.853125 0.64296875 0.025 0.0359375