1 0.6966493055555556 0.16328125 0.03788194444444439 0.04375
1 0.7267881944444444 0.32890625 0.03788194444444439 0.04375
1 0.6749826388888889 0.475 0.039583333333333394 0.046875
1 0.6685069444444445 0.5328125 0.044479166666666715 0.0515625
0 0.04565972222222222 0.73046875 0.03135416666666668 0.0375
1 0.11442708333333333 0.53671875 0.039444444444444435 0.04375
1 0.13192708333333333 0.56484375 0.03937499999999998 0.0421875
1 0.07822916666666666 0.665625 0.036249999999999984 0.0421875
1 0.06762152777777777 0.7109375 0.03284722222222223 0.0359375
1 0.09989583333333332 0.70546875 0.036111111111111094 0.0390625
1 0.05694444444444444 0.7578125 0.03454861111111111 0.0390625
1 0.13576388888888888 0.7421875 0.037673611111111116 0.0390625
1 0.061875 0.82265625 0.032916666666666664 0.0375
1 0.23689236111111106 0.8046875 0.037673611111111074 0.0390625