1 0.2626967592592592 0.366550925925926 0.0404050925925926 0.04589120370370363
1 0.05904513888888889 0.5659664351851852 0.03571759259259259 0.04582175925925931
1 0.22696759259259255 0.6755324074074074 0.043483796296296263 0.04437499999999996
1 0.21997106481481482 0.7270138888888888 0.03714120370370368 0.041157407407407476
1 0.11796875 0.7403530092592593 0.03576388888888889 0.047384259259259306
1 0.7372048611111112 0.31105324074074076 0.03226851851851862 0.03483796296296297
1 0.8529340277777777 0.36200810185185184 0.029143518518518617 0.034791666666666644
1 0.8428819444444444 0.41109953703703705 0.027534722222222287 0.033206018518518475
1 0.8749305555555555 0.4373668981481481 0.02758101851851862 0.034768518518518476
1 0.9105902777777779 0.4472743055555556 0.025972222222222285 0.03318287037037031
1 0.7722627314814815 0.5523032407407408 0.0355787037037036 0.04113425925925931
1 0.7800462962962963 0.5797743055555555 0.03553240740740744 0.039571759259259306
1 0.8935358796296295 0.5744212962962962 0.029143518518518617 0.034791666666666644
1 0.9000289351851851 0.619068287037037 0.027534722222222287 0.033206018518518475
0 0.8944328703703703 0.4650115740740741 0.02748842592592595 0.031643518518518474