0 0.7774131944444445 0.29247685185185185 0.04290509259259245 0.05
1 0.15107060185185187 0.5415798611111111 0.038124999999999964 0.04357638888888893
1 0.17303819444444443 0.5470196759259259 0.03656249999999996 0.04351851851851851
1 0.1942361111111111 0.5532696759259259 0.03968750000000001 0.043634259259259164
1 0.16717013888888888 0.5730324074074075 0.034976851851851884 0.041898148148148094
1 0.18758680555555557 0.5793113425925925 0.038125000000000006 0.04357638888888893
1 0.22092592592592591 0.5608796296296296 0.03656249999999996 0.04351851851851869
1 0.2475578703703704 0.5645833333333334 0.04446759259259263 0.05005787037037024
1 0.1824884259259259 0.6045138888888889 0.038101851851851845 0.04201388888888893
1 0.21027777777777779 0.5808159722222223 0.038124999999999964 0.04357638888888893
1 0.23699074074074078 0.5899884259259259 0.038124999999999964 0.04357638888888893
1 0.230318287037037 0.6144675925925925 0.038101851851851797 0.04201388888888893
1 0.20835069444444443 0.6090277777777777 0.03810185185185189 0.04201388888888893
1 0.1985300925925926 0.6320601851851853 0.038125000000000006 0.04357638888888893
1 0.22126736111111106 0.6366898148148149 0.0349768518518518 0.041898148148148094
1 0.2145949074074074 0.6611689814814815 0.03651620370370372 0.04039351851851851