0 0.6421875 0.734375 0.03046875 0.0421875
1 0.17734375 0.25703125 0.02578125 0.034375
1 0.2 0.42421875 0.0296875 0.03984375
1 0.2875 0.55234375 0.02734375 0.03984375
1 0.31015625 0.60625 0.03046875 0.04375
1 0.49609375 0.55546875 0.03203125 0.04609375
1 0.88515625 0.43046875 0.02578125 0.03359375
1 0.83359375 0.43828125 0.0265625 0.03828125
1 0.82421875 0.46953125 0.028125 0.0359375
1 0.84921875 0.48046875 0.02578125 0.03828125
1 0.86875 0.49453125 0.02421875 0.0375
1 0.840625 0.5125 0.0234375 0.03515625
1 0.865625 0.5453125 0.02578125 0.03359375
1 0.7984375 0.54921875 0.0296875 0.0359375
1 0.8078125 0.5765625 0.02734375 0.03671875
1 0.83359375 0.596875 0.0265625 0.03359375