1 0.3214236111111111 0.143125 0.038124999999999964 0.043020833333333376
1 0.26968171296296295 0.31234375000000003 0.039733796296296295 0.04618055555555554
1 0.30811921296296296 0.4609027777777778 0.046076388888888965 0.052569444444444356
1 0.31038773148148147 0.5187847222222223 0.04446759259259263 0.049409722222222285
1 0.7070833333333333 0.8034722222222221 0.05076388888888879 0.05267361111111128
0 0.904079861111111 0.746892361111111 0.034953703703703806 0.039826388888888786
1 0.8638773148148147 0.55921875 0.041273148148147955 0.044652777777777784
1 0.8439756944444443 0.5837847222222222 0.03968750000000014 0.043055555555555534
1 0.8815567129629631 0.6846527777777778 0.038125000000000145 0.043020833333333286
1 0.884056712962963 0.7269097222222222 0.03651620370370381 0.039861111111111215
1 0.8529108796296295 0.7191840277777779 0.03653935185185162 0.041423611111111217
1 0.8857407407407407 0.7714930555555556 0.031759259259259306 0.035069444444444285
1 0.8125462962962964 0.7534548611111112 0.03653935185185162 0.041423611111111036