1 0.8422337962962964 0.32837962962962963 0.03356481481481488 0.03952546296296298
1 0.7683564814814815 0.4930555555555555 0.033749999999999857 0.04265046296296297
1 0.641707175925926 0.585011574074074 0.04027777777777786 0.04743055555555564
1 0.601568287037037 0.6289872685185186 0.03862268518518519 0.04584490740740747
1 0.11692708333333332 0.5999131944444445 0.04487268518518519 0.045937499999999964
0 0.011192129629629632 0.43173611111111115 0.022384259259259263 0.036354166666666646
1 0.16066550925925926 0.31046296296296294 0.03668981481481479 0.039571759259259306
1 0.15954861111111113 0.34250578703703705 0.03503472222222222 0.037986111111111144
1 0.06480902777777778 0.39740162037037036 0.03356481481481481 0.03952546296296298
1 0.03478587962962963 0.4290162037037037 0.031817129629629626 0.03637731481481481
1 0.06373263888888889 0.4419560185185185 0.031909722222222214 0.03793981481481481
1 0.008634259259259262 0.46296296296296297 0.017268518518518523 0.03162037037037031
1 0.07078703703703704 0.4944502314814815 0.031909722222222214 0.03793981481481481