0 0.24592013888888892 0.1893113425925926 0.04569444444444439 0.05189814814814815
1 0.023547453703703702 0.4368692129629629 0.03627314814814815 0.04557870370370374
1 0.08629629629629629 0.7873148148148148 0.03781250000000003 0.042465277777777644
1 0.24343750000000003 0.48693287037037036 0.041006944444444395 0.051863425925925986
1 0.3733564814814815 0.7300694444444444 0.039409722222222145 0.0471643518518519
1 0.34595486111111107 0.8275173611111111 0.039409722222222145 0.0471643518518519
1 0.6738368055555556 0.2698206018518518 0.037835648148148236 0.04559027777777782
1 0.7626157407407408 0.337662037037037 0.03309027777777782 0.03774305555555557
1 0.8514293981481481 0.4101909722222222 0.02836805555555557 0.03302083333333332
1 0.8298842592592592 0.45456018518518515 0.028356481481481666 0.031458333333333324
1 0.8771180555555557 0.5033449074074074 0.023657407407407405 0.02986111111111107
1 0.8522222222222222 0.5172222222222222 0.02836805555555557 0.03302083333333332
1 0.8279166666666665 0.6107870370370371 0.025231481481481667 0.03143518518518533
1 0.8227546296296296 0.6521527777777778 0.026805555555555572 0.03300925925925924