0 0.15505208333333334 0.2615046296296296 0.038854166666666676 0.04428240740740739
1 0.10968750000000001 0.8834375 0.030624999999999993 0.03791666666666664
1 0.20765625000000001 0.5495023148148148 0.03427083333333334 0.045775462962962976
1 0.3809895833333333 0.7475173611111111 0.033958333333333354 0.04108796296296298
1 0.37265625 0.8491030092592593 0.03239583333333336 0.04106481481481481
1 0.5902604166666666 0.2191550925925926 0.03083333333333336 0.04104166666666664
1 0.6897916666666667 0.25982638888888887 0.027083333333333216 0.031620370370370396
1 0.7905729166666667 0.30516203703703704 0.02375000000000007 0.028449074074074154
1 0.77796875 0.3537384259259259 0.02364583333333332 0.026886574074074066
1 0.8334895833333335 0.3872569444444444 0.020416666666666573 0.025277777777777823
1 0.8110416666666665 0.4078819444444445 0.023749999999999716 0.028449074074073977
1 0.8053645833333333 0.5047453703703704 0.02062500000000007 0.028402777777777645
1 0.8072916666666666 0.5460821759259259 0.022187500000000072 0.028425925925925986