0 0.4247395833333333 0.3964756944444444 0.053587962962962976 0.05583333333333336
1 0.11197916666666667 0.5865625 0.04068287037037037 0.044618055555555716
1 0.13292824074074075 0.5909375 0.04224537037037037 0.044652777777777784
1 0.15625 0.5945833333333332 0.0390625 0.043020833333333286
1 0.12962962962962962 0.6166666666666666 0.039004629629629625 0.041458333333333285
1 0.1513599537037037 0.6210590277777778 0.0390625 0.043020833333333286
1 0.1834201388888889 0.5998784722222222 0.040567129629629675 0.04149305555555553
1 0.17471064814814813 0.6239236111111112 0.039004629629629625 0.041458333333333285
1 0.14809027777777778 0.6460069444444445 0.039004629629629625 0.041458333333333285
1 0.17213541666666668 0.6512326388888889 0.039120370370370375 0.04458333333333329
1 0.20908564814814815 0.6035763888888889 0.04386574074074075 0.046250000000000034
1 0.20112847222222224 0.6284201388888888 0.04392361111111107 0.047812499999999855
1 0.1962962962962963 0.6533333333333333 0.04056712962962963 0.04149305555555553
1 0.1658275462962963 0.6737673611111111 0.04068287037037037 0.044618055555555536
1 0.18993055555555555 0.6774305555555555 0.039004629629629625 0.041458333333333285
1 0.1844039351851852 0.6999826388888889 0.039004629629629625 0.041458333333333285