0 0.91875 0.67265625 0.02421875 0.03515625
1 0.125 0.28984375 0.0296875 0.03515625
1 0.15 0.4703125 0.0328125 0.03984375
1 0.246875 0.58984375 0.034375 0.040625
1 0.2734375 0.64375 0.03046875 0.04375
1 0.74375 0.77890625 0.0328125 0.040625
1 0.8375 0.4078125 0.0265625 0.0328125
1 0.78671875 0.42734375 0.02578125 0.03515625
1 0.77890625 0.459375 0.02890625 0.0359375
1 0.83359375 0.44375 0.02421875 0.03359375
1 0.925 0.4484375 0.021875 0.03203125
1 0.86015625 0.528125 0.02265625 0.03203125
1 0.94375 0.5625 0.02109375 0.028125
1 0.8625 0.5765625 0.02109375 0.03125
1 0.8328125 0.60859375 0.02265625 0.03203125