1 0.759375 0.20390625 0.03125 0.040625
1 0.76796875 0.3734375 0.03125 0.040625
1 0.69765625 0.509375 0.03125 0.04375
1 0.68359375 0.565625 0.0359375 0.0484375
0 0.04453125 0.65390625 0.025 0.034375
1 0.1375 0.4734375 0.03125 0.040625
1 0.15078125 0.50390625 0.0328125 0.0390625
1 0.08515625 0.5953125 0.028125 0.040625
1 0.06875 0.63828125 0.028125 0.0328125
1 0.1015625 0.63828125 0.0296875 0.0359375
1 0.05234375 0.6828125 0.028125 0.0359375
1 0.13203125 0.68125 0.03125 0.0359375
1 0.04921875 0.74765625 0.0265625 0.034375
1 0.2234375 0.7609375 0.03125 0.0359375