1 0.8427083333333334 0.2049710648148148 0.03354166666666671 0.036226851851851816
1 0.8305208333333333 0.3751099537037037 0.036666666666666715 0.03641203703703706
1 0.7382291666666666 0.49666087962962957 0.038854166666666676 0.04587962962962955
1 0.7197395833333333 0.548738425925926 0.038854166666666676 0.04587962962962955
0 0.07182291666666667 0.5126215277777778 0.02729166666666667 0.03585648148148142
1 0.18270833333333333 0.3523206018518518 0.0322916666666667 0.04082175925925924
1 0.19109375 0.38398148148148153 0.03208333333333333 0.037696759259259235
1 0.23765625000000004 0.6471122685185186 0.032187500000000036 0.03925925925925924
1 0.06703125000000001 0.605457175925926 0.02729166666666667 0.03585648148148142
1 0.15541666666666668 0.5547280092592592 0.03052083333333333 0.03760416666666657
1 0.11796875 0.4636111111111111 0.028750000000000008 0.03438657407407408
1 0.0403125 0.47527199074074067 0.019166666666666665 0.03070601851851862
1 0.09770833333333333 0.5008912037037037 0.028750000000000008 0.03438657407407408
1 0.1303125 0.5075868055555556 0.027187499999999965 0.03429398148148142
1 0.07927083333333333 0.5419849537037037 0.02562500000000001 0.03420138888888893