0 0.05625 0.684375 0.0234375 0.034375
1 0.8609375 0.28671875 0.03125 0.0359375
1 0.8328125 0.4609375 0.034375 0.0421875
1 0.73125 0.5859375 0.0421875 0.0484375
1 0.703125 0.63828125 0.0328125 0.0375
1 0.23046875 0.775 0.0328125 0.040625
1 0.14453125 0.396875 0.028125 0.034375
1 0.19375 0.41640625 0.028125 0.0375
1 0.14765625 0.4328125 0.0265625 0.0375
1 0.2 0.4484375 0.034375 0.0390625
1 0.04375 0.50703125 0.021875 0.0328125
1 0.11953125 0.51796875 0.0234375 0.0328125
1 0.11484375 0.56640625 0.025 0.03125
1 0.14375 0.596875 0.0265625 0.0328125
1 0.0515625 0.6484375 0.0203125 0.03125