0 0.29055555555555557 0.30028935185185185 0.04930555555555553 0.05815972222222223
1 0.09142361111111111 0.3750868055555555 0.04413194444444446 0.046875
1 0.18505208333333334 0.5369791666666666 0.03944444444444439 0.046527777777777855
1 0.3246354166666666 0.629079861111111 0.04284722222222222 0.053009259259259166
1 0.3709027777777778 0.6714409722222221 0.04597222222222221 0.05324074074074083
1 0.8124479166666667 0.3218171296296296 0.03618055555555557 0.04317129629629628
1 0.7697743055555556 0.3427951388888889 0.03944444444444439 0.046527777777777765
1 0.7728645833333333 0.3772858796296296 0.03774305555555557 0.04328703703703703
1 0.7994270833333333 0.3792534722222222 0.03774305555555557 0.04328703703703703
1 0.8223263888888889 0.386400462962963 0.03454861111111107 0.04149305555555553
1 0.8039756944444445 0.41151620370370373 0.03611111111111107 0.041608796296296366
1 0.8401388888888889 0.4367766203703704 0.03611111111111107 0.04160879629629619
1 0.7819097222222222 0.4581597222222221 0.039444444444444574 0.046527777777777855
1 0.8016666666666665 0.48220486111111105 0.039444444444444574 0.046527777777777855
1 0.8309201388888889 0.4921585648148149 0.03611111111111107 0.04160879629629619