0 0.1046875 0.49921875 0.02578125 0.03125
1 0.06015625 0.3125 0.02265625 0.034375
1 0.1015625 0.403125 0.02734375 0.03515625
1 0.12109375 0.4515625 0.0234375 0.03671875
1 0.1171875 0.66796875 0.0203125 0.02890625
1 0.065625 0.50859375 0.02578125 0.034375
1 0.11171875 0.62421875 0.0234375 0.03125
1 0.2046875 0.3234375 0.03203125 0.0421875
1 0.30625 0.24609375 0.0328125 0.03828125
1 0.71875 0.10625 0.0328125 0.03828125
1 0.69140625 0.25859375 0.034375 0.03828125
1 0.91796875 0.4171875 0.02421875 0.03984375
1 0.8875 0.59140625 0.0328125 0.03671875
1 0.65390625 0.534375 0.0296875 0.03984375
1 0.57421875 0.71171875 0.03203125 0.03671875