0 0.0890625 0.4953125 0.02578125 0.03125
1 0.83671875 0.4125 0.02421875 0.034375
1 0.8203125 0.428125 0.02578125 0.03359375
1 0.80234375 0.44140625 0.028125 0.03359375
1 0.83515625 0.44609375 0.02578125 0.034375
1 0.81796875 0.4609375 0.028125 0.0359375
1 0.78046875 0.459375 0.0265625 0.03359375
1 0.8 0.47578125 0.025 0.0328125
1 0.83515625 0.48125 0.0265625 0.03515625
1 0.7609375 0.47734375 0.0265625 0.03671875
1 0.78046875 0.49375 0.02578125 0.034375
1 0.796875 0.51328125 0.02578125 0.0328125
1 0.81640625 0.4984375 0.02578125 0.03125
1 0.83203125 0.5140625 0.02578125 0.034375
1 0.8140625 0.53125 0.0234375 0.034375
1 0.8296875 0.546875 0.025 0.0328125