0 0.87578125 0.43572916666666667 0.034375 0.03979166666666671
1 0.86015625 0.24328124999999998 0.0328125 0.04124999999999997
1 0.84921875 0.34098958333333335 0.0375 0.04468750000000003
1 0.8453125 0.39307291666666666 0.034375 0.044479166666666715
1 0.915625 0.6024479166666667 0.028125 0.036250000000000074
1 0.915625 0.43526041666666665 0.034375 0.042916666666666714
1 0.9078125 0.5589583333333333 0.03125 0.039583333333333214
1 0.7265625 0.2890625 0.04375 0.05291666666666668
1 0.60546875 0.2388020833333333 0.04375 0.04979166666666668
1 0.1703125 0.20432291666666663 0.04375 0.04979166666666668
1 0.24375 0.3459375 0.04375 0.04979166666666668
1 0.0765625 0.5558854166666667 0.0359375 0.04770833333333328
1 0.159375 0.7176562499999999 0.0421875 0.04812499999999993
1 0.3640625 0.6047395833333333 0.040625 0.049583333333333354
1 0.49453125 0.7571875 0.0421875 0.04812499999999993