0 0.19880787037037037 0.8961747685185184 0.03467592592592594 0.041134259259258954
1 0.7183449074074074 0.14949652777777778 0.036215277777777645 0.03803240740740739
1 0.7764872685185186 0.31502314814814814 0.04565972222222214 0.047546296296296295
1 0.7487615740740741 0.4724479166666667 0.04412037037037031 0.05064814814814813
1 0.7491145833333334 0.5302488425925926 0.05040509259259256 0.0554282407407408
1 0.4027546296296297 0.8876851851851854 0.04881944444444457 0.05228009259259281
1 0.17789930555555555 0.8714872685185184 0.036238425925925896 0.041157407407407476
1 0.10303819444444444 0.7483912037037037 0.03310185185185186 0.039548611111111145
1 0.14162037037037037 0.6017418981481482 0.037812499999999985 0.042743055555555645
1 0.19633680555555558 0.5970254629629629 0.04094907407407407 0.044351851851851976
1 0.1617013888888889 0.6326909722222223 0.03939814814814815 0.04589120370370381
1 0.21881944444444446 0.6201273148148149 0.04096064814814815 0.04591435185185198
1 0.17822916666666666 0.7214988425925926 0.036238425925925896 0.041157407407407476
1 0.19664930555555554 0.7657523148148148 0.036238425925925896 0.041157407407407476
1 0.23950810185185184 0.7799594907407407 0.037824074074074066 0.04430555555555564