1 0.9678530092592592 0.3930902777777778 0.023368055555555857 0.052013888888888894
1 0.867962962962963 0.560625 0.04340277777777786 0.04777777777777779
1 0.7072222222222222 0.6329340277777777 0.04846064814814817 0.05413194444444436
1 0.6556423611111111 0.6716840277777777 0.049837962962962834 0.051041666666666784
0 0.07321180555555555 0.41467013888888893 0.031724537037037016 0.03503472222222222
1 0.28454282407407405 0.25430555555555556 0.03678240740740737 0.04138888888888888
1 0.2781423611111111 0.28310763888888885 0.03990740740740737 0.041458333333333285
1 0.1865798611111111 0.3233159722222222 0.036689814814814835 0.039826388888888876
1 0.12239583333333334 0.28434027777777776 0.03016203703703706 0.03499999999999996
1 0.1523784722222222 0.3460243055555555 0.03172453703703706 0.03503472222222222
1 0.17640625000000001 0.3629861111111111 0.033472222222222216 0.03819444444444446
1 0.12116319444444446 0.37114583333333334 0.033379629629629634 0.03663194444444447
1 0.17192708333333334 0.41217013888888887 0.03668981481481479 0.03982638888888897
1 0.19375578703703705 0.5190451388888888 0.03503472222222222 0.03822916666666672
1 0.049693287037037036 0.4947222222222222 0.03172453703703704 0.03503472222222222