0 0.12795138888888888 0.7909375 0.03371527777777779 0.04281249999999996
1 0.7980208333333334 0.24802083333333336 0.03843749999999986 0.04468750000000003
1 0.8197916666666666 0.4302083333333334 0.043229166666666784 0.049687499999999926
1 0.7564930555555556 0.5676041666666667 0.04482638888888886 0.05135416666666668
1 0.7442361111111111 0.62625 0.041736111111111106 0.05270833333333336
1 0.3236284722222222 0.8579687500000001 0.04326388888888886 0.05124999999999993
1 0.1387847222222222 0.5146875 0.035243055555555534 0.04135416666666671
1 0.19336805555555556 0.5230208333333334 0.03527777777777778 0.042916666666666714
1 0.20836805555555554 0.5521874999999999 0.038437500000000034 0.04468749999999986
1 0.15211805555555555 0.5484375 0.03368055555555553 0.04124999999999997
1 0.06472222222222222 0.573125 0.03052083333333333 0.03947916666666664
1 0.1477951388888889 0.63734375 0.03208333333333333 0.039583333333333214
1 0.07546875 0.6880729166666667 0.02885416666666667 0.03468750000000007
1 0.15769097222222223 0.6849479166666667 0.028923611111111126 0.03781250000000007
1 0.19468749999999999 0.7101041666666668 0.03208333333333337 0.039583333333333214