1 0.9909201388888889 0.49645833333333333 0.018159722222222285 0.04499999999999993
1 0.7131597222222222 0.6020312499999999 0.04725694444444439 0.04677083333333343
1 0.6834374999999999 0.5327083333333333 0.051875000000000074 0.04552083333333332
1 0.030138888888888892 0.36078125 0.029722222222222226 0.037812499999999985
1 0.16703125000000002 0.3203125 0.04392361111111107 0.041875000000000016
1 0.04496527777777778 0.44755208333333335 0.03888888888888888 0.03375000000000004
1 0.07295138888888889 0.47781250000000003 0.03888888888888888 0.03375000000000004
1 0.12960069444444444 0.5006770833333334 0.040729166666666664 0.04010416666666661
1 0.03996527777777778 0.5466145833333333 0.032708333333333325 0.034895833333333216
1 0.07746527777777777 0.6498958333333333 0.03569444444444445 0.03197916666666671
1 0.16420138888888888 0.6973958333333333 0.0422222222222222 0.03864583333333336
0 0.2033333333333333 0.7316145833333334 0.04065972222222225 0.038541666666666786