1 0.93203125 0.72265625 0.0390625 0.03046875
1 0.62265625 0.7015625 0.03671875 0.03359375
1 0.621875 0.62578125 0.04296875 0.02890625
1 0.08515625 0.2015625 0.0328125 0.0265625
1 0.23125 0.221875 0.034375 0.02890625
1 0.07109375 0.28984375 0.03203125 0.021875
1 0.08515625 0.32890625 0.03125 0.02265625
1 0.128125 0.37265625 0.03125 0.028125
1 0.0265625 0.378125 0.0296875 0.02421875
1 0.0234375 0.48984375 0.02890625 0.02109375
1 0.084375 0.56796875 0.03359375 0.0265625
0 0.10703125 0.615625 0.03125 0.0265625