0 0.6859375 0.76171875 0.0375 0.0421875
1 0.2453125 0.1703125 0.0265625 0.040625
1 0.33671875 0.34453125 0.03359375 0.03828125
1 0.328125 0.56171875 0.0296875 0.03984375
1 0.36328125 0.5609375 0.0328125 0.03828125
1 0.57734375 0.59375 0.03046875 0.04609375
1 0.90859375 0.43359375 0.03046875 0.03984375
1 0.85859375 0.44375 0.03125 0.03828125
1 0.85 0.47421875 0.02578125 0.03515625
1 0.87265625 0.4828125 0.03359375 0.0375
1 0.89140625 0.49921875 0.02890625 0.03515625
1 0.86640625 0.51796875 0.025 0.03671875
1 0.8890625 0.55078125 0.0265625 0.0390625
1 0.8234375 0.5515625 0.03125 0.0359375
1 0.834375 0.5828125 0.0265625 0.0390625
1 0.85546875 0.60234375 0.03203125 0.03515625