0 0.26449652777777777 0.8651331018518519 0.04446759259259263 0.04876157407407433
1 0.18809606481481483 0.3274768518518519 0.05083333333333333 0.05662037037037031
1 0.39178240740740744 0.34081018518518513 0.04924768518518512 0.055046296296296225
1 0.48927662037037034 0.4564814814814815 0.04924768518518512 0.055046296296296225
1 0.5733449074074074 0.6347453703703703 0.050833333333333286 0.05662037037037031
1 0.1114988425925926 0.6467592592592593 0.041296296296296296 0.04561342592592599
1 0.15866319444444446 0.626880787037037 0.0428587962962963 0.04562500000000007
1 0.18254629629629632 0.6493576388888889 0.04124999999999997 0.04248842592592581
1 0.16734374999999999 0.6736863425925925 0.04600694444444446 0.04721064814814824
1 0.1661226851851852 0.7033796296296296 0.0428587962962963 0.04562500000000007
1 0.1901678240740741 0.7149189814814815 0.03968750000000001 0.042476851851851904
1 0.24188078703703705 0.7043807870370371 0.04124999999999997 0.04248842592592581
1 0.20842013888888888 0.7483738425925927 0.03966435185185189 0.0409143518518519
1 0.24745949074074075 0.7496469907407407 0.04444444444444447 0.04719907407407398
1 0.24240162037037036 0.774681712962963 0.039687499999999966 0.042476851851851904
1 0.36233796296296295 0.8519097222222222 0.0428587962962963 0.045624999999999714