0 0.9818402777777777 0.43621527777777774 0.02247685185185162 0.041759259259259274
1 0.08891782407407407 0.47939236111111116 0.03805555555555555 0.039444444444444574
1 0.18912037037037038 0.6186168981481481 0.04600694444444446 0.049224537037036956
1 0.3318518518518519 0.6799131944444444 0.044490740740740796 0.05226851851851855
1 0.37822916666666667 0.7110763888888888 0.05081018518518512 0.05728009259259252
1 0.8645659722222223 0.6062326388888889 0.04920138888888914 0.05407407407407412
1 0.9776388888888888 0.4036458333333333 0.03185185185185162 0.04224537037037042
1 0.9249074074074073 0.2744502314814815 0.034953703703703806 0.040844907407407406
1 0.7842881944444444 0.2286574074074074 0.038124999999999784 0.04413194444444439
1 0.7484953703703703 0.2734490740740741 0.041296296296296296 0.04741898148148147
1 0.7978414351851851 0.26230324074074074 0.04129629629629648 0.04741898148148147
1 0.7550520833333334 0.3051157407407407 0.0428587962962963 0.047499999999999966
1 0.8593807870370369 0.32390625 0.03810185185185162 0.042569444444444396
1 0.884548611111111 0.36397569444444444 0.03810185185185162 0.042569444444444396
1 0.8714004629629631 0.4083738425925926 0.03971064814814795 0.045775462962962976