1 0.6843807870370371 0.13380208333333332 0.04487268518518519 0.046250000000000034
1 0.745943287037037 0.3036979166666667 0.046527777777777855 0.047847222222222284
1 0.7196296296296296 0.4521354166666667 0.051585648148148165 0.054201388888888855
1 0.7200694444444444 0.5122222222222221 0.05645833333333332 0.05743055555555543
1 0.15013888888888888 0.5323263888888888 0.04496527777777777 0.047812499999999855
0 0.12866898148148148 0.7230034722222223 0.034942129629629635 0.036666666666666715
1 0.08849537037037036 0.7033854166666667 0.02528935185185186 0.031770833333333214
1 0.14527777777777778 0.6609548611111111 0.04156249999999999 0.043055555555555534
1 0.14391782407407408 0.7038368055555555 0.038252314814814795 0.039861111111111215
1 0.1754861111111111 0.6967361111111111 0.04312500000000004 0.04309027777777778
1 0.22049189814814815 0.7320659722222222 0.04331018518518519 0.046215277777777786
1 0.3313599537037037 0.7860243055555556 0.04643518518518519 0.04628472222222228
1 0.17427662037037037 0.5578298611111111 0.04312500000000004 0.04309027777777778