1 0.6120833333333333 0.19291666666666668 0.04201388888888893 0.04898148148148147
1 0.7848032407407407 0.41875578703703703 0.0483564814814816 0.052430555555555536
1 0.8157233796296296 0.45459490740740743 0.040451388888888926 0.04890046296296298
1 0.9059432870370371 0.4109143518518518 0.0355787037037036 0.04240740740740741
1 0.868894675925926 0.2396643518518519 0.032222222222222284 0.03443287037037042
0 0.07077546296296297 0.5072627314814815 0.032361111111111104 0.039120370370370416
1 0.05269675925925926 0.4855787037037037 0.03065972222222222 0.034351851851851835
1 0.18765625 0.43255787037037036 0.03548611111111111 0.039282407407407405
1 0.09888310185185185 0.5853703703703703 0.03070601851851853 0.035914351851851836
1 0.12980324074074073 0.6212094907407406 0.029097222222222198 0.03427083333333343
1 0.10543981481481482 0.6536747685185185 0.02748842592592591 0.032627314814814845
1 0.27499421296296295 0.6441030092592592 0.03714120370370368 0.04248842592592581
1 0.2788483796296296 0.6719849537037037 0.032361111111111104 0.039120370370370416
1 0.1799826388888889 0.7441956018518519 0.029050925925925952 0.03270833333333325
1 0.19672453703703704 0.7846701388888888 0.02900462962962962 0.031145833333333428