1 0.20234375 0.24296875 0.0265625 0.03671875
1 0.2171875 0.41171875 0.0265625 0.03671875
1 0.30546875 0.53671875 0.0265625 0.040625
1 0.32734375 0.590625 0.0296875 0.0453125
0 0.97265625 0.5890625 0.02109375 0.03203125
1 0.85546875 0.4234375 0.0265625 0.0375
1 0.84609375 0.45546875 0.028125 0.03515625
1 0.92421875 0.53671875 0.0234375 0.0375
1 0.94609375 0.5765625 0.0234375 0.03046875
1 0.9140625 0.58125 0.025 0.0328125
1 0.96875 0.61875 0.02421875 0.0328125
1 0.88984375 0.628125 0.02734375 0.0328125
1 0.98125 0.6828125 0.02265625 0.03203125
1 0.81015625 0.71953125 0.0265625 0.03203125