1 0.7775520833333334 0.3206076388888889 0.04208333333333343 0.04646990740740744
1 0.8097395833333334 0.6155497685185185 0.04697916666666657 0.04973379629629626
1 0.8177083333333333 0.6646296296296297 0.03895833333333343 0.046377314814814774
1 0.9143229166666667 0.6813368055555555 0.033958333333333354 0.04155092592592595
1 0.9680729166666666 0.5130092592592593 0.03187500000000014 0.03369212962962962
0 0.17208333333333334 0.26809606481481485 0.03208333333333333 0.036817129629629616
1 0.16770833333333335 0.23769675925925923 0.030208333333333302 0.03208333333333328
1 0.30625 0.27273148148148146 0.03531250000000004 0.03847222222222228
1 0.15723958333333332 0.35072916666666665 0.030312499999999964 0.033645833333333285
1 0.16520833333333335 0.39980902777777777 0.02864583333333335 0.032037037037037044
1 0.12927083333333333 0.41261574074074076 0.027083333333333348 0.0319907407407408
1 0.2740104166666667 0.5053935185185185 0.036979166666666605 0.04008101851851862
1 0.2632291666666667 0.5315451388888889 0.03208333333333337 0.036817129629629616
1 0.14604166666666668 0.5350173611111112 0.028645833333333304 0.032037037037036954
1 0.13958333333333334 0.5790451388888889 0.028437499999999984 0.02891203703703695