0 0.8096990740740739 0.2185416666666667 0.03468749999999972 0.044479166666666715
1 0.9003414351851852 0.42098958333333325 0.028402777777777645 0.03937500000000007
1 0.8830555555555556 0.4354166666666666 0.025277777777777642 0.03916666666666657
1 0.8642129629629629 0.4491666666666666 0.026840277777777997 0.039270833333333324
1 0.8969560185185186 0.45635416666666667 0.02214120370370374 0.03739583333333325
1 0.8788831018518518 0.4716145833333333 0.023715277777777644 0.0390625
1 0.8414351851851851 0.46708333333333335 0.026828703703703737 0.03770833333333332
1 0.8202488425925925 0.4809895833333334 0.02842592592592581 0.04250000000000007
1 0.8577025462962963 0.48473958333333333 0.028391203703703738 0.03781250000000007
1 0.8912152777777778 0.49343750000000003 0.026828703703703737 0.03770833333333332
1 0.8707986111111111 0.5088541666666667 0.026828703703703737 0.03770833333333332
1 0.8364930555555556 0.5017708333333333 0.026828703703703383 0.03770833333333332
1 0.8511805555555556 0.521875 0.026828703703703737 0.03770833333333332
1 0.8855092592592593 0.5258333333333333 0.025277777777777642 0.03916666666666657
1 0.8658738425925925 0.5411979166666667 0.026817129629629476 0.03614583333333332
1 0.8782349537037037 0.5591145833333333 0.026828703703703737 0.03770833333333332