1 0.1553298611111111 0.3231770833333333 0.034942129629629635 0.038124999999999964
1 0.21647569444444445 0.4883333333333333 0.03806712962962964 0.03833333333333329
1 0.3409664351851852 0.593125 0.04174768518518519 0.04791666666666679
1 0.37416666666666665 0.64125 0.04174768518518519 0.04791666666666679
0 0.9835532407407406 0.49822916666666667 0.030254629629629902 0.03781250000000007
1 0.8297280092592594 0.35802083333333334 0.03365740740740719 0.04270833333333339
1 0.83171875 0.3916145833333333 0.03503472222222222 0.039687499999999966
1 0.8646469907407408 0.6583854166666667 0.03356481481481488 0.041145833333333215
1 0.9160243055555556 0.5536458333333334 0.031909722222222214 0.03947916666666664
1 0.9250810185185184 0.4569791666666667 0.030162037037037237 0.036250000000000074
1 0.9962905092592592 0.4568229166666667 0.007418981481481524 0.03270833333333343
1 0.9558854166666666 0.4909375000000001 0.030162037037037237 0.036250000000000074
1 0.9262499999999999 0.50296875 0.028599537037037236 0.0361458333333335
1 0.9853124999999998 0.5279166666666667 0.027037037037037238 0.03604166666666657