0 0.5121064814814815 0.3580902777777778 0.03158564814814824 0.04600694444444446
1 0.7868460648148148 0.1762326388888889 0.028391203703703738 0.03656250000000001
1 0.7738541666666666 0.3483680555555556 0.033078703703703735 0.036666666666666715
1 0.6877199074074074 0.4822916666666666 0.03468750000000007 0.04295138888888879
1 0.6670023148148149 0.5374305555555555 0.03468750000000007 0.04295138888888879
1 0.07037615740740741 0.41164930555555557 0.02994212962962961 0.03503472222222222
1 0.12269097222222221 0.4143923611111111 0.0284259259259259 0.04124999999999997
1 0.1349537037037037 0.4461458333333333 0.028402777777777777 0.038125000000000145
1 0.10984953703703704 0.4607638888888889 0.029988425925925943 0.041284722222222216
1 0.0917650462962963 0.4767881944444444 0.026828703703703695 0.036527777777777715
1 0.12210648148148148 0.4932986111111111 0.028402777777777777 0.038124999999999964
1 0.09917245370370371 0.5313020833333333 0.028402777777777777 0.038125000000000145
1 0.16483217592592592 0.52515625 0.029976851851851817 0.039722222222222214
1 0.15834490740740742 0.5573263888888889 0.02685185185185186 0.03965277777777772
1 0.13320023148148147 0.5774131944444444 0.02997685185185186 0.039722222222222214