1 0.3872858796296296 0.0974363425925926 0.03664351851851855 0.04400462962962961
1 0.22124421296296296 0.4057002314814815 0.036400462962962975 0.03931712962962965
0 0.2878703703703704 0.37180555555555556 0.033518518518518545 0.04398148148148149
1 0.8765104166666667 0.6254803240740741 0.035243055555555715 0.04711805555555557
1 0.8924768518518519 0.694375 0.029907407407407403 0.03458333333333332
1 0.8888194444444444 0.749837962962963 0.028263888888888998 0.03300925925925924
1 0.8927083333333332 0.7803472222222222 0.025057870370370237 0.03142361111111107
1 0.87921875 0.8294849537037038 0.026701388888889 0.03299768518518533
1 0.8512094907407407 0.8722627314814815 0.026539351851851835 0.029872685185185332
1 0.7577488425925927 0.8207696759259259 0.031469907407407405 0.03459490740740741
1 0.6769097222222222 0.8725347222222222 0.03171296296296298 0.039282407407407405