1 0.43828125 0.0859375 0.0359375 0.040625
1 0.25 0.06640625 0.03203125 0.03671875
1 0.1828125 0.215625 0.02890625 0.0453125
1 0.121875 0.41171875 0.0328125 0.03671875
1 0.9171875 0.446875 0.02890625 0.03515625
0 0.70625 0.28671875 0.0359375 0.0421875
1 0.81875 0.60234375 0.02421875 0.0328125
1 0.84453125 0.66796875 0.021875 0.03203125
1 0.84765625 0.7203125 0.02265625 0.03046875
1 0.85625 0.7484375 0.01953125 0.03203125
1 0.8484375 0.79609375 0.021875 0.03203125
1 0.82421875 0.8375 0.021875 0.02890625
1 0.71796875 0.79765625 0.0234375 0.03203125