0 0.80390625 0.26171875 0.03359375 0.040625
1 0.903125 0.4671875 0.02734375 0.0359375
1 0.8859375 0.48125 0.02421875 0.0359375
1 0.86796875 0.49453125 0.02578125 0.03671875
1 0.90078125 0.50234375 0.02109375 0.0359375
1 0.88359375 0.5171875 0.02265625 0.03671875
1 0.84609375 0.51171875 0.025 0.03515625
1 0.825 0.525 0.02734375 0.0390625
1 0.86328125 0.5296875 0.02734375 0.034375
1 0.896875 0.5390625 0.025 0.03515625
1 0.87734375 0.55390625 0.025 0.034375
1 0.8421875 0.54609375 0.025 0.03515625
1 0.8578125 0.56640625 0.025 0.03515625
1 0.89296875 0.571875 0.02421875 0.0359375
1 0.8734375 0.5859375 0.025 0.0328125
1 0.88671875 0.6046875 0.02578125 0.034375