0 0.09780092592592593 0.3351851851851852 0.05111111111111111 0.05515046296296298
1 0.6472511574074075 0.06490162037037037 0.03968750000000014 0.04496527777777777
1 0.7150115740740741 0.21397569444444442 0.04281250000000014 0.045196759259259256
1 0.6905439814814814 0.3706597222222222 0.04626157407407412 0.05167824074074066
1 0.6953587962962964 0.42789351851851853 0.04946759259259252 0.05347222222222214
1 0.09891203703703703 0.598929398148148 0.042893518518518504 0.04675925925925917
1 0.1504224537037037 0.581105324074074 0.0511921296296296 0.05671296296296298
1 0.17494791666666668 0.6034143518518519 0.04930555555555553 0.05034722222222214
1 0.12085069444444445 0.626099537037037 0.05111111111111111 0.05515046296296298
1 0.0690162037037037 0.7552372685185185 0.042893518518518525 0.04675925925925917
1 0.14197337962962964 0.7140335648148148 0.042893518518518546 0.04675925925925917
1 0.13666087962962964 0.7564525462962963 0.04297453703703704 0.04832175925925917
1 0.16938078703703704 0.7407986111111111 0.044618055555555536 0.05
1 0.20846643518518518 0.7674768518518518 0.047824074074074116 0.05179398148148149
1 0.1504398148148148 0.865943287037037 0.042893518518518504 0.04675925925925917