0 0.42876157407407406 0.7762210648148148 0.045231481481481595 0.05064814814814831
1 0.7093865740740741 0.1683912037037037 0.03714120370370377 0.041157407407407386
1 0.743587962962963 0.3330324074074074 0.043622685185185264 0.04906249999999997
1 0.7031828703703704 0.48328124999999994 0.040451388888888926 0.04745370370370381
1 0.6998842592592592 0.5418518518518518 0.04527777777777775 0.05221064814814813
1 0.5071412037037037 0.5577546296296296 0.04849537037037042 0.05538194444444429
1 0.09863425925925925 0.5751504629629629 0.03714120370370368 0.041157407407407476
1 0.14976273148148148 0.5641840277777778 0.0404050925925926 0.04589120370370381
1 0.1693113425925926 0.5902662037037038 0.04035879629629631 0.04432870370370381
1 0.1492013888888889 0.6095081018518519 0.038842592592592595 0.04586805555555564
1 0.13531828703703702 0.6296238425925926 0.037233796296296265 0.04428240740740748
1 0.16794560185185184 0.6363599537037037 0.03557870370370368 0.04113425925925931
1 0.15504629629629632 0.6760300925925925 0.03714120370370368 0.041157407407407476
1 0.21971064814814817 0.6566666666666666 0.04192129629629626 0.044351851851851976
1 0.21963541666666667 0.6855844907407407 0.04035879629629626 0.04432870370370381
1 0.20239583333333333 0.7134664351851852 0.038703703703703685 0.041180555555555644