1 0.93046875 0.496875 0.02421875 0.040625
1 0.46796875 0.16875 0.0296875 0.03828125
1 0.29140625 0.140625 0.0296875 0.03671875
1 0.22421875 0.27265625 0.02734375 0.03828125
1 0.15390625 0.45 0.02890625 0.03984375
0 0.20703125 0.2015625 0.02265625 0.03828125
1 0.83515625 0.653125 0.02890625 0.0421875
1 0.865625 0.721875 0.0296875 0.03828125
1 0.87109375 0.77734375 0.03046875 0.0328125
1 0.74140625 0.85390625 0.0265625 0.03828125
1 0.88203125 0.80546875 0.02109375 0.03125
1 0.87734375 0.8546875 0.01953125 0.02890625
1 0.8515625 0.8984375 0.01953125 0.028125