0 0.93359375 0.70703125 0.02109375 0.0328125
1 0.15078125 0.26796875 0.0296875 0.03515625
1 0.16953125 0.44375 0.0328125 0.040625
1 0.26484375 0.5734375 0.03984375 0.04609375
1 0.28984375 0.62734375 0.03046875 0.03671875
1 0.7546875 0.7890625 0.03046875 0.03984375
1 0.86015625 0.415625 0.02578125 0.0328125
1 0.81015625 0.4328125 0.02578125 0.0359375
1 0.85546875 0.4515625 0.025 0.0359375
1 0.80234375 0.4640625 0.0328125 0.0375
1 0.95546875 0.53125 0.01953125 0.03125
1 0.87890625 0.5375 0.021875 0.03125
1 0.88125 0.58671875 0.02265625 0.03046875
1 0.85078125 0.615625 0.02421875 0.03203125
1 0.93984375 0.671875 0.01953125 0.0296875