1 0.9078298611111112 0.7032696759259259 0.041319444444444284 0.03275462962962976
1 0.5999479166666667 0.682667824074074 0.038263888888888785 0.03576388888888893
1 0.6031944444444444 0.6068287037037037 0.04440972222222221 0.031307870370370416
1 0.09192708333333333 0.18394097222222222 0.03500000000000001 0.029398148148148184
1 0.2366840277777778 0.20355902777777776 0.03659722222222221 0.03101851851851851
1 0.07279513888888889 0.27207754629629627 0.033333333333333326 0.024652777777777767
1 0.08440972222222222 0.3114583333333333 0.031770833333333325 0.02459490740740744
1 0.12482638888888889 0.3544560185185185 0.033472222222222216 0.03090277777777777
1 0.023211805555555555 0.36056134259259254 0.03180555555555555 0.02615740740740744
1 0.01439236111111111 0.4725405092592593 0.02878472222222222 0.022974537037037022
1 0.06973958333333334 0.5500868055555556 0.03500000000000001 0.029398148148148097
0 0.08975694444444444 0.5977430555555555 0.03343750000000001 0.029340277777777857