0 0.15397569444444442 0.6842013888888889 0.032187499999999994 0.04284722222222222
1 0.34635995370370376 0.1816145833333333 0.03880787037037035 0.049236111111111126
1 0.5177372685185185 0.30140625 0.037245370370370345 0.04920138888888888
1 0.5455150462962963 0.4533333333333333 0.035682870370370344 0.04916666666666671
1 0.533744212962963 0.6507291666666667 0.03880787037037035 0.049236111111111217
1 0.12628472222222223 0.4149305555555555 0.028969907407407413 0.04121527777777771
1 0.17684027777777778 0.42319444444444443 0.03356481481481479 0.03975694444444446
1 0.1873784722222222 0.45581597222222225 0.03328703703703706 0.035069444444444466
1 0.16151041666666668 0.468125 0.03659722222222221 0.038263888888888785
1 0.14653935185185185 0.4927083333333333 0.03356481481481479 0.03975694444444446
1 0.16199074074074074 0.5158333333333334 0.028692129629629637 0.036527777777777715
1 0.21236689814814813 0.5342708333333334 0.030254629629629638 0.03656249999999996
1 0.16191550925925927 0.5541666666666666 0.030069444444444437 0.03343750000000014
1 0.19450810185185186 0.5761284722222222 0.03512731481481483 0.03979166666666671
1 0.17838541666666666 0.5944791666666667 0.030347222222222213 0.038125000000000145
1 0.24558449074074074 0.7251909722222222 0.033472222222222216 0.03819444444444446