1 0.08125 0.19296875 0.03359375 0.0421875
1 0.1140625 0.3875 0.02734375 0.03984375
1 0.23046875 0.51640625 0.03203125 0.04375
1 0.2609375 0.571875 0.03359375 0.040625
0 0.90546875 0.56953125 0.01953125 0.0296875
1 0.78046875 0.34140625 0.02421875 0.03359375
1 0.77421875 0.36953125 0.0265625 0.03359375
1 0.84140625 0.4421875 0.0234375 0.0328125
1 0.91640625 0.43203125 0.01875 0.0296875
1 0.8625 0.4765625 0.0203125 0.0296875
1 0.83359375 0.48203125 0.02109375 0.03203125
1 0.88046875 0.5109375 0.02109375 0.03046875
1 0.81640625 0.528125 0.02421875 0.03203125
1 0.75078125 0.61640625 0.0234375 0.03125
1 0.89296875 0.65078125 0.01953125 0.0296875