0 0.5199247685185184 0.35803819444444446 0.030023148148148236 0.04597222222222221
1 0.7952256944444445 0.1815798611111111 0.028391203703703738 0.03656250000000001
1 0.7816493055555556 0.3530034722222222 0.03151620370370374 0.03663194444444447
1 0.6951157407407408 0.4854166666666666 0.03312500000000007 0.042916666666666714
1 0.6744212962962963 0.5397916666666667 0.03312500000000007 0.042916666666666714
1 0.07800925925925925 0.40458333333333335 0.02994212962962963 0.03503472222222222
1 0.13038773148148147 0.40810763888888885 0.028425925925925945 0.04125000000000014
1 0.14234375 0.43987847222222226 0.028402777777777777 0.038125000000000145
1 0.1174421296296296 0.4537152777777778 0.0284259259259259 0.04124999999999997
1 0.09880787037037038 0.46975694444444444 0.026828703703703695 0.036527777777777715
1 0.12940972222222222 0.4870486111111111 0.026840277777777775 0.038090277777777716
1 0.10624421296296296 0.5242881944444445 0.026840277777777775 0.038090277777777716
1 0.1726273148148148 0.5196875000000001 0.02841435185185186 0.03968750000000014
1 0.1658275462962963 0.55109375 0.02685185185185186 0.03965277777777772
1 0.14019097222222224 0.5711979166666666 0.029976851851851817 0.039722222222222214