0 0.4065393518518519 0.8407233796296296 0.05353009259259274 0.0561805555555555
1 0.5949074074074074 0.13077546296296297 0.04241898148148149 0.050844907407407415
1 0.575144675925926 0.32612847222222224 0.04866898148148149 0.05121527777777777
1 0.6640046296296296 0.5271354166666666 0.04554398148148131 0.05103009259259252
1 0.6314814814814815 0.5385185185185185 0.047106481481481485 0.05112268518518519
1 0.4443287037037037 0.6448726851851851 0.04890046296296298 0.05746527777777786
1 0.07757523148148147 0.6113946759259259 0.04554398148148146 0.05103009259259252
1 0.12719907407407408 0.6033738425925925 0.04554398148148149 0.05103009259259252
1 0.14661458333333333 0.6287962962962963 0.0390625 0.04440972222222221
1 0.12879050925925925 0.6449652777777778 0.047106481481481485 0.05112268518518519
1 0.11779513888888889 0.6670196759259259 0.04224537037037037 0.04615740740740755
1 0.1480034722222222 0.6758564814814815 0.039120370370370375 0.04597222222222221
1 0.13874421296296297 0.7144560185185185 0.04236111111111111 0.049282407407407545
1 0.2006365740740741 0.6922858796296296 0.04542824074074074 0.04790509259259253
1 0.20176504629629627 0.7252372685185186 0.04236111111111107 0.04928240740740737
1 0.18984375 0.7511516203703703 0.04542824074074074 0.04790509259259253