0 0.3671875 0.2171875 0.03359375 0.0453125
1 0.1453125 0.23203125 0.03203125 0.034375
1 0.1734375 0.4078125 0.02734375 0.03671875
1 0.2734375 0.53125 0.02734375 0.04375
1 0.3015625 0.58359375 0.03046875 0.0421875
1 0.8640625 0.3796875 0.025 0.03359375
1 0.81484375 0.3875 0.02734375 0.0359375
1 0.80390625 0.4203125 0.0265625 0.034375
1 0.82890625 0.4296875 0.0265625 0.034375
1 0.8484375 0.4421875 0.02265625 0.0328125
1 0.82109375 0.4609375 0.02421875 0.03203125
1 0.84609375 0.49375 0.025 0.0328125
1 0.78203125 0.49765625 0.02734375 0.0359375
1 0.79140625 0.52578125 0.02578125 0.03671875
1 0.81640625 0.54296875 0.025 0.03203125