0 0.532337962962963 0.7380902777777777 0.04449074074074062 0.052592592592592524
1 0.2899074074074074 0.13659143518518518 0.038124999999999964 0.04440972222222221
1 0.24530092592592592 0.30237268518518523 0.042905092592592634 0.05093750000000004
1 0.27664930555555556 0.45194444444444437 0.041319444444444464 0.049282407407407545
1 0.2765625 0.5104918981481481 0.046076388888888875 0.05424768518518519
1 0.46763310185185186 0.5218055555555555 0.04768518518518512 0.05746527777777786
1 0.874224537037037 0.5273726851851851 0.03653935185185162 0.042754629629629545
1 0.824398148148148 0.5186168981481482 0.039733796296296475 0.04762731481481488
1 0.8029340277777777 0.5448668981481481 0.03971064814814795 0.04606481481481488
1 0.8221759259259258 0.5632407407407407 0.038171296296296474 0.047534722222222214
1 0.834375 0.5828125 0.03658564814814831 0.04587962962962955
1 0.8014699074074073 0.5910069444444445 0.03497685185185162 0.04266203703703706
1 0.8118171296296296 0.6302025462962962 0.036539351851851976 0.042754629629629545
1 0.7488483796296296 0.6128587962962964 0.04127314814814813 0.04615740740740737
1 0.7468692129629629 0.6410763888888888 0.039710648148148134 0.04606481481481488
1 0.7620659722222223 0.669056712962963 0.038101851851851797 0.04284722222222222