1 0.7463831018518519 0.21032986111111113 0.039120370370370236 0.046527777777777765
1 0.7747395833333334 0.3869502314814815 0.040740740740740834 0.04820601851851851
1 0.7190104166666667 0.5230613425925925 0.0471643518518519 0.05335648148148131
1 0.7079282407407408 0.5814525462962963 0.05040509259259256 0.05671296296296298
1 0.13668981481481482 0.4721354166666666 0.03917824074074074 0.04809027777777786
0 0.07702546296296298 0.6492476851851852 0.03096064814814814 0.03657407407407405
1 0.04172453703703704 0.6217013888888889 0.021469907407407406 0.03275462962962976
1 0.10691550925925926 0.5938078703703704 0.03744212962962963 0.04328703703703703
1 0.09675925925925925 0.6351273148148148 0.034201388888888885 0.03993055555555554
1 0.1302662037037037 0.6352719907407407 0.03744212962962963 0.04328703703703703
1 0.16695601851851852 0.6792824074074074 0.0390625 0.044965277777777854
1 0.2671875 0.7560474537037037 0.04068287037037042 0.046643518518518515
1 0.1557002314814815 0.5015914351851851 0.039004629629629625 0.04340277777777786