1 0.16171875 0.27109375 0.02890625 0.0328125
1 0.19375 0.43828125 0.0328125 0.0328125
1 0.3 0.5484375 0.034375 0.0421875
1 0.32421875 0.5984375 0.03359375 0.0421875
0 0.9625 0.490625 0.0234375 0.03359375
1 0.83359375 0.34375 0.02734375 0.0375
1 0.82890625 0.3765625 0.028125 0.034375
1 0.8140625 0.6421875 0.02734375 0.0359375
1 0.978125 0.58203125 0.02265625 0.0328125
1 0.884375 0.54140625 0.02578125 0.03515625
1 0.9109375 0.446875 0.025 0.03203125
1 0.990625 0.45078125 0.01875 0.02890625
1 0.9359375 0.48203125 0.025 0.03125
1 0.90390625 0.4921875 0.0234375 0.03125
1 0.95859375 0.5203125 0.021875 0.03203125