0 0.6391145833333333 0.16418981481481482 0.041458333333333285 0.05685185185185189
1 0.11449652777777777 0.34161458333333333 0.03810185185185189 0.041180555555555554
1 0.16748842592592592 0.5096238425925925 0.039733796296296295 0.04589120370370381
1 0.28391782407407407 0.6152777777777778 0.04134259259259263 0.0490393518518518
1 0.31914930555555554 0.6634664351851851 0.038124999999999964 0.042743055555555645
1 0.8341087962962963 0.3468055555555556 0.03339120370370381 0.039548611111111145
1 0.7876215277777778 0.3726851851851852 0.038148148148148306 0.044305555555555556
1 0.7863888888888889 0.4031423611111111 0.03341435185185197 0.04111111111111114
1 0.8366898148148149 0.3835706018518518 0.03497685185185162 0.04113425925925931
1 0.9537789351851853 0.444693287037037 0.028657407407407475 0.036354166666666646
1 0.8800405092592593 0.46391782407407406 0.02711805555555564 0.03789351851851848
1 0.877806712962963 0.5092071759259259 0.03500000000000014 0.04269675925925931
1 0.9013946759259259 0.4993981481481482 0.03336805555555529 0.037986111111111144
1 0.8692303240740742 0.5606539351851852 0.035023148148147956 0.04425925925925931
1 0.9688715277777777 0.5863541666666666 0.028680555555555643 0.03791666666666664