0 0.23747685185185183 0.3208449074074074 0.05322916666666675 0.05701388888888896
1 0.047193287037037034 0.4383912037037037 0.046655092592592595 0.0459837962962963
1 0.15242476851851852 0.5798553240740741 0.04353009259259259 0.045937500000000145
1 0.2982986111111111 0.6421990740740741 0.04684027777777775 0.0522337962962963
1 0.3473495370370371 0.6749710648148148 0.04840277777777775 0.05225694444444447
1 0.7536979166666666 0.22923032407407407 0.03874999999999993 0.042743055555555555
1 0.7137094907407407 0.25990162037037035 0.0419675925925926 0.045914351851851797
1 0.7189641203703704 0.29358796296296297 0.041874999999999926 0.042789351851851884
1 0.7456423611111112 0.2900752314814815 0.041874999999999926 0.0427893518518518
1 0.7682523148148148 0.29197337962962966 0.037094907407407264 0.039594907407407384
1 0.7525289351851852 0.32144097222222223 0.037094907407407264 0.039594907407407384
1 0.7903240740740741 0.33841435185185187 0.038703703703703775 0.041180555555555554
1 0.7346180555555556 0.37197916666666664 0.0419675925925926 0.045914351851851797
1 0.7558912037037037 0.39261574074074074 0.0419675925925926 0.045914351851851797
1 0.7862673611111111 0.39619212962962963 0.038703703703703594 0.041180555555555644