1 0.9065972222222222 0.4713252314814815 0.028437499999999716 0.04356481481481485
1 0.4777256944444444 0.14203125 0.03298611111111107 0.04068287037037037
1 0.3043576388888889 0.11438657407407407 0.032916666666666664 0.039120370370370375
1 0.22522569444444446 0.24631944444444445 0.03142361111111107 0.04060185185185183
1 0.13782986111111112 0.42388888888888887 0.033055555555555574 0.04224537037037042
0 0.21513888888888885 0.17513310185185185 0.02673611111111107 0.04035879629629631
1 0.7967708333333333 0.6274537037037037 0.033194444444444395 0.045370370370370415
1 0.8202083333333334 0.6963888888888888 0.032986111111111424 0.04068287037037024
1 0.8208680555555556 0.7516956018518519 0.034340277777777574 0.036076388888889
1 0.6841493055555555 0.8289351851851852 0.02986111111111107 0.04052083333333343
1 0.8289583333333332 0.7801157407407407 0.02489583333333343 0.03402777777777786
1 0.8197395833333333 0.8296990740740741 0.02163194444444443 0.03074074074074069
1 0.7897395833333334 0.8733449074074073 0.02163194444444443 0.030740740740741047