0 0.583767361111111 0.06340856481481481 0.047638888888888786 0.05399305555555556
1 0.08767361111111112 0.4052951388888889 0.036539351851851844 0.04248842592592581
1 0.17140046296296296 0.5500578703703705 0.03966435185185184 0.04265046296296297
1 0.3078009259259259 0.6171469907407408 0.042905092592592634 0.05062500000000014
1 0.3517650462962963 0.6531192129629629 0.04759259259259263 0.050868055555555534
1 0.7931018518518519 0.21336805555555555 0.03968750000000014 0.044212962962962975
1 0.7527488425925926 0.2498090277777778 0.047638888888888786 0.05399305555555554
1 0.7577083333333333 0.28390046296296295 0.04600694444444446 0.049224537037036956
1 0.8035185185185185 0.2479571759259259 0.04761574074074062 0.052430555555555536
1 0.9319386574074073 0.2740856481481481 0.03971064814814795 0.045775462962962976
1 0.8618287037037037 0.3167534722222222 0.03971064814814831 0.045775462962962976
1 0.8990162037037038 0.3359027777777778 0.039733796296296475 0.04733796296296298
1 0.8690509259259258 0.35619212962962965 0.041319444444444284 0.04898148148148147
1 0.8706539351851852 0.4060706018518518 0.044467592592592455 0.050706018518518546
1 0.9759953703703704 0.4091956018518519 0.03500000000000014 0.0439699074074074