1 0.47814236111111114 0.5606018518518519 0.03641203703703706 0.03488425925925931
0 0.6890509259259259 0.596574074074074 0.03962962962962955 0.03649305555555564
1 0.6089930555555556 0.5915046296296296 0.03806712962962955 0.03646990740740748
1 0.6274826388888889 0.5208564814814814 0.03641203703703706 0.03488425925925931
1 0.5753935185185185 0.6842708333333334 0.03806712962962955 0.03646990740740748
1 0.4902141203703704 0.6323611111111112 0.03815972222222221 0.03803240740740747
1 0.7908680555555556 0.5465856481481481 0.03962962962962955 0.03649305555555564
1 0.6289930555555555 0.7178819444444444 0.039722222222222214 0.03805555555555564
1 0.6500983796296296 0.63859375 0.03650462962962955 0.03644675925925931
1 0.6224768518518518 0.6343113425925926 0.03806712962962955 0.03646990740740748
1 0.9778587962962962 0.4296527777777778 0.04284722222222222 0.03810185185185198
1 0.39368055555555553 0.6791435185185185 0.03650462962962964 0.03644675925925931
1 0.5958622685185185 0.620630787037037 0.03806712962962955 0.03646990740740748
1 0.9320023148148149 0.44753472222222224 0.041192129629629905 0.03651620370370381
1 0.30607060185185186 0.5334375 0.03806712962962964 0.03646990740740748
1 0.9459085648148149 0.5106655092592594 0.04606481481481488 0.03971064814814831