1 0.4648206018518518 0.5005613425925926 0.03475694444444457 0.03451388888888882
1 0.5184375 0.5346875 0.03641203703703706 0.0361574074074074
1 0.6183217592592593 0.4889293981481481 0.03962962962962955 0.03788194444444457
1 0.15840277777777778 0.44784143518518515 0.03962962962962964 0.03788194444444457
1 0.24770254629629634 0.43523148148148144 0.03797453703703706 0.03623842592592581
1 0.2303587962962963 0.4766493055555555 0.03806712962962964 0.03780092592592581
1 0.5546296296296296 0.4793576388888889 0.03815972222222221 0.03936342592592599
1 0.27717013888888886 0.4140335648148148 0.03641203703703706 0.0361574074074074
1 0.27133680555555556 0.5124710648148149 0.03806712962962964 0.03780092592592581
1 0.21553240740740742 0.541707175925926 0.04293981481481479 0.04116898148148138
0 0.2791724537037037 0.45958912037037036 0.03806712962962964 0.03780092592592599
1 0.3150173611111111 0.46301504629629625 0.03962962962962964 0.03788194444444457
1 0.32124421296296296 0.5166261574074074 0.03806712962962964 0.03780092592592599
1 0.4115682870370371 0.3677141203703703 0.03806712962962955 0.03780092592592599
1 0.3288657407407407 0.42768518518518517 0.03641203703703706 0.0361574074074074