1 0.5125 0.4 0.028125 0.028125
1 0.38515625 0.3421875 0.0296875 0.0296875
1 0.13828125 0.6890625 0.03515625 0.03203125
0 0.196875 0.4609375 0.03515625 0.0296875
1 0.584375 0.29453125 0.02890625 0.0296875
1 0.93046875 0.40703125 0.03515625 0.02890625
1 0.15390625 0.41640625 0.034375 0.02890625
1 0.225 0.4859375 0.034375 0.0296875
1 0.94375 0.46015625 0.03671875 0.02890625
1 0.128125 0.5234375 0.03671875 0.03046875
1 0.103125 0.58671875 0.03515625 0.0296875
1 0.1359375 0.56015625 0.03359375 0.02578125
1 0.16328125 0.53828125 0.03203125 0.02890625