1 0.4037268518518518 0.7653009259259259 0.04609953703703695 0.04596064814814813
1 0.4221585648148148 0.4098321759259259 0.04108796296296298 0.03964120370370363
1 0.8816840277777779 0.49045717592592597 0.04758101851851819 0.0444212962962963
1 0.45543402777777775 0.6864699074074074 0.04108796296296298 0.03964120370370381
1 0.6575405092592592 0.43210648148148145 0.04108796296296298 0.03964120370370381
1 0.8607291666666667 0.45798032407407413 0.045937500000000145 0.04283564814814831
1 0.4128530092592593 0.49896412037037036 0.04108796296296298 0.03964120370370381
1 0.3989525462962963 0.6014351851851851 0.04265046296296297 0.0396643518518518
1 0.833732638888889 0.376412037037037 0.045937500000000145 0.04283564814814813
1 0.1465162037037037 0.6972916666666666 0.04585648148148147 0.04127314814814813
1 0.18664930555555553 0.8567303240740742 0.04585648148148147 0.041273148148147955