1 0.64453125 0.55390625 0.02890625 0.02890625
1 0.15078125 0.53125 0.034375 0.0296875
1 0.34921875 0.603125 0.03125 0.0296875
1 0.43671875 0.61875 0.0296875 0.0296875
1 0.30625 0.4859375 0.0296875 0.0296875
1 0.6953125 0.4109375 0.03046875 0.03046875
1 0.3671875 0.32734375 0.0296875 0.03046875
1 0.4640625 0.478125 0.028125 0.028125
1 0.35625 0.48046875 0.028125 0.028125
1 0.38125 0.53984375 0.02734375 0.028125
1 0.3859375 0.45 0.0296875 0.0296875
1 0.35234375 0.35234375 0.03046875 0.03046875
1 0.4078125 0.54921875 0.028125 0.028125
1 0.3921875 0.3609375 0.03046875 0.03203125
0 0.221875 0.6296875 0.03203125 0.02890625
1 0.2796875 0.45546875 0.03125 0.0296875