1 0.82125 0.5071180555555556 0.04072916666666657 0.03952546296296298
1 0.8360937499999999 0.40063657407407405 0.03909722222222243 0.03788194444444457
1 0.5289583333333333 0.4494502314814815 0.03590277777777793 0.0361574074074074
1 0.3756423611111111 0.43547453703703703 0.03753472222222225 0.03780092592592599
1 0.4740277777777778 0.48205439814814816 0.03590277777777775 0.0361574074074074
1 0.7644097222222223 0.3910416666666666 0.03746527777777775 0.036238425925925986
1 0.6769444444444443 0.39635995370370375 0.039097222222222075 0.03788194444444439
1 0.7006770833333332 0.45464120370370364 0.035833333333333425 0.03459490740740741
1 0.5764583333333333 0.28489583333333335 0.03597222222222225 0.0377199074074074
0 0.71875 0.3855787037037037 0.03746527777777775 0.036238425925925986
1 0.43942708333333336 0.4259027777777778 0.03597222222222225 0.0377199074074074
1 0.7846875 0.42444444444444446 0.03753472222222225 0.03780092592592599
1 0.7481076388888889 0.4647106481481481 0.03746527777777775 0.03623842592592581
1 0.7312847222222223 0.35047453703703707 0.03590277777777775 0.0361574074074074
1 0.6747395833333334 0.36436921296296293 0.03427083333333343 0.03451388888888882