1 0.7786979166666667 0.4471354166666666 0.040000000000000036 0.03833333333333329
1 0.9923177083333332 0.4911979166666667 0.01536458333333357 0.04152777777777779
1 0.41890625000000004 0.6669270833333334 0.04010416666666679 0.03989583333333328
0 0.09359375 0.5614062499999999 0.048229166666666656 0.044756944444444356
1 0.32723958333333336 0.42696180555555563 0.040000000000000036 0.03833333333333329
1 0.5111458333333333 0.6580555555555556 0.04020833333333336 0.041458333333333285
1 0.47026041666666674 0.62984375 0.04166666666666678 0.03993055555555571
1 0.6571875 0.6137152777777778 0.04166666666666678 0.03993055555555554
1 0.46130208333333333 0.3082465277777778 0.043333333333333356 0.04152777777777779
1 0.7925 0.5371527777777778 0.040000000000000036 0.03833333333333329
1 0.18833333333333332 0.4145138888888889 0.04489583333333336 0.04156250000000004
1 0.7754166666666666 0.6085416666666668 0.04166666666666678 0.03993055555555571
1 0.5043229166666666 0.5674131944444445 0.04166666666666678 0.03993055555555554
1 0.9026041666666668 0.5856250000000001 0.04479166666666643 0.040000000000000036
1 0.7816145833333333 0.5727951388888889 0.04166666666666678 0.03993055555555554
1 0.2666145833333333 0.5941145833333333 0.043333333333333356 0.04152777777777779