1 0.67515625 0.3317824074074074 0.031770833333333214 0.03300925925925924
1 0.6652083333333334 0.422175925925926 0.033333333333333215 0.0331018518518519
1 0.6050520833333334 0.6068518518518518 0.03166666666666664 0.03144675925925924
1 0.5723958333333334 0.6025636574074074 0.030104166666666644 0.03135416666666657
1 0.5826041666666667 0.5200289351851852 0.03156250000000007 0.02988425925925924
1 0.5742708333333333 0.7391493055555556 0.033333333333333215 0.0331018518518519
1 0.6407291666666668 0.5305324074074074 0.03156250000000007 0.02988425925925924
1 0.6565104166666667 0.7291203703703704 0.035104166666666714 0.03631944444444439
0 0.7223437500000001 0.7534143518518518 0.03656249999999996 0.03484953703703706
1 0.62609375 0.5029976851851852 0.03166666666666664 0.03144675925925924
1 0.6265104166666667 0.5673379629629629 0.03166666666666664 0.03144675925925924
1 0.7471875000000001 0.35722800925925924 0.03645833333333322 0.03328703703703706
1 0.5361458333333333 0.652181712962963 0.031770833333333214 0.03300925925925924
1 0.62796875 0.627818287037037 0.03166666666666664 0.03144675925925924
1 0.5597395833333334 0.48651620370370374 0.02833333333333332 0.028136574074074085
1 0.5834374999999999 0.5545891203703703 0.03156250000000007 0.02988425925925924