1 0.24776041666666665 0.6247395833333333 0.04156250000000004 0.04010416666666679
1 0.29520833333333335 0.6481250000000001 0.03833333333333329 0.03833333333333329
1 0.22984375000000004 0.6009895833333333 0.04156250000000004 0.04010416666666661
1 0.27802083333333333 0.6236458333333333 0.03989583333333328 0.038437500000000034
1 0.3247916666666667 0.6485416666666667 0.03979166666666671 0.03687500000000003
1 0.2377604166666667 0.6497395833333334 0.040000000000000036 0.039999999999999855
1 0.24145833333333339 0.576875 0.04156250000000004 0.04010416666666679
1 0.29052083333333334 0.6011458333333334 0.04312500000000004 0.04020833333333336
1 0.30765624999999996 0.6248437499999999 0.04156250000000004 0.04010416666666679
1 0.2593229166666667 0.59984375 0.03989583333333337 0.03843749999999986
1 0.26723958333333336 0.6485937500000001 0.04312500000000004 0.04020833333333336
1 0.20979166666666665 0.6502083333333333 0.041458333333333285 0.038541666666666606
1 0.25223958333333335 0.5519270833333334 0.04156250000000004 0.04010416666666679
1 0.27171874999999995 0.57578125 0.040000000000000036 0.040000000000000036
1 0.2197916666666667 0.6252083333333334 0.03822916666666672 0.03677083333333329
0 0.85125 0.34375 0.046562500000000284 0.04510416666666668