1 0.2375 0.68578125 0.03590277777777775 0.036666666666666715
1 0.44201388888888893 0.6680729166666667 0.031076388888888928 0.03322916666666664
1 0.48239583333333336 0.6409895833333333 0.031006944444444427 0.03166666666666664
1 0.6940277777777778 0.46312499999999995 0.032638888888888926 0.033333333333333215
1 0.8203472222222222 0.6533333333333333 0.03576388888888893 0.03354166666666671
1 0.12694444444444444 0.5287499999999999 0.03576388888888889 0.03354166666666671
1 0.3675173611111111 0.35203125 0.03270833333333334 0.03489583333333339
1 0.8564756944444444 0.5985416666666666 0.037326388888888576 0.033645833333333285
1 0.39980902777777777 0.7185416666666666 0.02951388888888884 0.03312500000000007
1 0.6165798611111111 0.6013541666666666 0.03256944444444443 0.031770833333333214
1 0.2627777777777778 0.5048958333333333 0.032638888888888926 0.033333333333333395
1 0.6636111111111112 0.40703125 0.032638888888888926 0.033333333333333395
1 0.48592013888888896 0.6851041666666667 0.031145833333333428 0.034791666666666644
1 0.8065451388888889 0.5583854166666666 0.03732638888888893 0.033645833333333285
1 0.7584895833333334 0.4055208333333334 0.031006944444444427 0.03166666666666664
0 0.06600694444444444 0.7009895833333333 0.037395833333333336 0.035208333333333286