1 0.5796875 0.2953125 0.02890625 0.0296875
1 0.38515625 0.3421875 0.0296875 0.0296875
1 0.51328125 0.4 0.02890625 0.02890625
1 0.08671875 0.678125 0.03515625 0.03046875
1 0.1390625 0.6890625 0.03515625 0.03125
1 0.13203125 0.58515625 0.03125 0.02890625
1 0.31640625 0.3375 0.0296875 0.02890625
0 0.7578125 0.56640625 0.028125 0.028125
1 0.88515625 0.5921875 0.03359375 0.0296875
1 0.67578125 0.36171875 0.0296875 0.028125
1 0.2625 0.7015625 0.0375 0.034375
1 0.0546875 0.5578125 0.0421875 0.0296875
1 0.69453125 0.5875 0.02265625 0.02890625