1 0.5493518518518519 0.6409953703703704 0.04108796296296298 0.0393518518518519
1 0.58328125 0.6493344907407408 0.04108796296296298 0.0393518518518519
1 0.601724537037037 0.624988425925926 0.042731481481481384 0.04092592592592599
0 0.6234027777777778 0.6888657407407408 0.04758101851851855 0.044085648148148235
1 0.6125578703703705 0.5967939814814814 0.04108796296296298 0.0393518518518519
1 0.5975289351851852 0.5703530092592592 0.042731481481481384 0.04092592592592581
1 0.6190162037037037 0.5475462962962963 0.04108796296296298 0.0393518518518519
1 0.6294791666666667 0.5716782407407408 0.04108796296296298 0.0393518518518519
1 0.6437268518518519 0.5981249999999999 0.042731481481481384 0.04092592592592581
1 0.6642650462962963 0.6237442129629629 0.04429398148148138 0.04093750000000007
1 0.6762499999999999 0.6486458333333334 0.04429398148148138 0.04093750000000007
1 0.6442592592592593 0.6481018518518519 0.04265046296296297 0.03936342592592599
1 0.6307118055555556 0.6232118055555556 0.04429398148148138 0.04093750000000007
1 0.5744212962962962 0.6244097222222222 0.04265046296296297 0.03936342592592581
1 0.5859548611111112 0.5977719907407407 0.04108796296296298 0.0393518518518519
1 0.6149074074074073 0.6569097222222222 0.04265046296296297 0.03936342592592599