1 0.56609375 0.6280729166666668 0.0409143518518519 0.041770833333333354
1 0.725162037037037 0.5972916666666667 0.0393518518518519 0.04166666666666678
1 0.5885185185185186 0.5983333333333334 0.04092592592592599 0.043333333333333356
1 0.5888136574074074 0.7435937499999999 0.04092592592592581 0.043333333333333356
1 0.5356481481481481 0.6291666666666667 0.0409143518518519 0.041770833333333354
1 0.5588310185185186 0.5963541666666666 0.0409143518518519 0.041770833333333354
1 0.6475868055555555 0.5608854166666667 0.0409143518518519 0.041770833333333354
1 0.6015972222222222 0.6772916666666667 0.0393518518518519 0.04166666666666678
1 0.5383796296296296 0.57625 0.03778935185185191 0.04156250000000004
1 0.6316898148148148 0.6285416666666667 0.04092592592592599 0.043333333333333356
0 0.5997511574074075 0.63890625 0.0393518518518519 0.04166666666666678
1 0.6155787037037037 0.561875 0.04092592592592581 0.043333333333333356
1 0.5078472222222222 0.565625 0.036215277777777645 0.03989583333333328
1 0.6549363425925925 0.6043229166666666 0.0409143518518519 0.041770833333333354
1 0.6424826388888889 0.7151562499999999 0.0393518518518519 0.04166666666666661
1 0.516724537037037 0.6044791666666667 0.0393518518518519 0.04166666666666678