1 0.82109375 0.48828125 0.03125 0.02890625
1 0.7546875 0.5296875 0.03125 0.02890625
1 0.8125 0.51484375 0.03125 0.02890625
1 0.803125 0.54140625 0.03203125 0.02890625
1 0.7921875 0.4953125 0.03046875 0.02890625
1 0.83203125 0.5359375 0.03046875 0.03046875
1 0.7625 0.503125 0.03203125 0.02890625
1 0.771875 0.475 0.03046875 0.02890625
1 0.7828125 0.521875 0.03046875 0.028125
1 0.78203125 0.44765625 0.03203125 0.02890625
0 0.11875 0.4015625 0.03515625 0.03125
1 0.8015625 0.46875 0.03203125 0.02890625
1 0.85859375 0.5296875 0.03203125 0.028125
1 0.840625 0.50859375 0.0296875 0.0265625
1 0.746875 0.55625 0.03046875 0.02734375
1 0.77578125 0.5484375 0.0296875 0.02734375