1 0.3257291666666667 0.4168055555555556 0.03256944444444443 0.031076388888888928
1 0.5689236111111111 0.48531250000000004 0.031006944444444427 0.031006944444444427
1 0.21588541666666666 0.6294618055555555 0.03583333333333334 0.03434027777777775
0 0.27008680555555553 0.4806076388888889 0.03256944444444443 0.031076388888888928
1 0.6015972222222222 0.4836458333333333 0.031076388888888928 0.03256944444444443
1 0.2796354166666667 0.5901909722222223 0.03256944444444443 0.031076388888888928
1 0.09621527777777779 0.4455902777777778 0.03732638888888888 0.03284722222222207
1 0.6538541666666667 0.39630208333333333 0.031145833333333428 0.03413194444444443
1 0.18722222222222223 0.5985590277777778 0.03256944444444443 0.031076388888888928
1 0.06779513888888888 0.5605034722222222 0.037395833333333336 0.03440972222222225
1 0.6546006944444445 0.36046875 0.03270833333333343 0.03420138888888893
1 0.2393229166666667 0.49015625000000007 0.03413194444444443 0.031145833333333428
1 0.14352430555555556 0.43989583333333326 0.03569444444444443 0.03121527777777793
1 0.08161458333333334 0.6258333333333332 0.040451388888888884 0.03298611111111107
1 0.1487326388888889 0.4869097222222223 0.03413194444444443 0.031145833333333428
1 0.11887152777777779 0.6571180555555556 0.03569444444444443 0.03121527777777775