1 0.4612847222222222 0.34969328703703706 0.03620370370370374 0.03700231481481477
1 0.4502083333333333 0.4367592592592592 0.034641203703703737 0.03695601851851862
1 0.4844907407407407 0.42324074074074075 0.034629629629629656 0.035393518518518616
1 0.41967592592592595 0.429068287037037 0.034641203703703737 0.03695601851851862
1 0.5070196759259259 0.5108738425925926 0.03149305555555557 0.03373842592592595
1 0.5776909722222222 0.5572280092592592 0.033055555555555574 0.033784722222222285
1 0.49000000000000005 0.5340393518518518 0.03149305555555557 0.03373842592592595
1 0.5028877314814815 0.4805208333333333 0.03149305555555557 0.03373842592592595
1 0.5184201388888889 0.5730497685185185 0.033055555555555574 0.033784722222222285
1 0.4635127314814815 0.5449826388888889 0.02993055555555557 0.03369212962962962
1 0.4772222222222222 0.49690972222222224 0.03149305555555557 0.03373842592592595
1 0.4583159722222222 0.4763715277777777 0.033067129629629474 0.03534722222222229
1 0.5337962962962963 0.5389930555555555 0.034629629629629656 0.035393518518518616
1 0.48975115740740743 0.6059374999999999 0.034629629629629656 0.035393518518518616
0 0.45906828703703706 0.5779340277777778 0.03149305555555557 0.03373842592592595