1 0.7045833333333333 0.6267939814814815 0.03753472222222225 0.03806712962962955
1 0.8260763888888889 0.4528472222222222 0.03902777777777757 0.03659722222222221
1 0.8747395833333332 0.49749421296296303 0.04059027777777757 0.03668981481481488
1 0.8755208333333332 0.32212962962962965 0.04059027777777757 0.03668981481481488
1 0.8646180555555556 0.46225115740740746 0.04059027777777757 0.03668981481481488
1 0.63765625 0.572320601851852 0.03746527777777793 0.03650462962962955
1 0.7393923611111111 0.3169502314814815 0.035833333333333425 0.03484953703703706
1 0.3319965277777778 0.5070601851851853 0.03583333333333334 0.03484953703703706
1 0.2536979166666667 0.5155960648148149 0.037395833333333336 0.034942129629629545
1 0.7734201388888889 0.21753472222222223 0.03739583333333343 0.034942129629629635
1 0.8199479166666667 0.18750578703703705 0.03909722222222243 0.03815972222222221
1 0.8879166666666667 0.2536053240740741 0.042222222222222425 0.03834490740740737