1 0.20436921296296298 0.551417824074074 0.038831018518518515 0.03788194444444457
1 0.2208622685185185 0.574045138888889 0.038831018518518515 0.03788194444444457
1 0.2802951388888889 0.5725289351851852 0.038831018518518515 0.03788194444444439
1 0.23483796296296297 0.5498379629629631 0.0372106481481481 0.03623842592592581
1 0.23663194444444446 0.598275462962963 0.038831018518518515 0.03788194444444457
1 0.20694444444444446 0.5998148148148148 0.03726851851851851 0.03780092592592581
1 0.26611689814814815 0.5489988425925926 0.038831018518518515 0.03788194444444439
1 0.2503472222222222 0.5247685185185185 0.038831018518518515 0.03788194444444439
0 0.7383101851851852 0.3640509259259259 0.038831018518518515 0.03788194444444439
1 0.25135995370370373 0.5732465277777777 0.0372106481481481 0.03623842592592581
1 0.2322627314814815 0.5014409722222222 0.038831018518518515 0.03788194444444439
1 0.2183449074074074 0.5272106481481481 0.038831018518518515 0.03788194444444439
1 0.19198495370370372 0.5763252314814815 0.03559027777777777 0.03459490740740741
1 0.17884837962962963 0.6020543981481481 0.03877314814814814 0.03631944444444457
1 0.2944733796296296 0.5960590277777778 0.03715277777777777 0.03467592592592581
1 0.2655381944444445 0.5967766203703704 0.03559027777777786 0.03459490740740741