1 0.509375 0.5953125 0.0296875 0.03046875
1 0.54375 0.540625 0.03203125 0.03203125
1 0.52578125 0.5703125 0.03046875 0.034375
1 0.54609375 0.59296875 0.03125 0.0328125
1 0.5546875 0.6265625 0.0296875 0.03125
1 0.5796875 0.5828125 0.03046875 0.03125
1 0.56484375 0.55859375 0.03125 0.03203125
1 0.584375 0.5375 0.03046875 0.02890625
1 0.5328125 0.51328125 0.0296875 0.03046875
1 0.5796875 0.4828125 0.0296875 0.03046875
1 0.6109375 0.47578125 0.0296875 0.0296875
1 0.55234375 0.47265625 0.028125 0.0296875
0 0.58359375 0.6109375 0.0296875 0.0296875
1 0.5921875 0.50859375 0.0296875 0.02890625
1 0.61640625 0.43515625 0.028125 0.0296875