1 0.7138888888888889 0.41201388888888885 0.032349537037037024 0.029918981481481487
1 0.3846354166666667 0.32067708333333333 0.03240740740740744 0.031481481481481485
1 0.38515625 0.35583912037037035 0.03084490740740744 0.031469907407407405
1 0.48758680555555556 0.5262210648148148 0.030787037037037022 0.029907407407407403
1 0.45642361111111107 0.6131944444444445 0.03240740740740726 0.031481481481481485
1 0.403125 0.5667013888888889 0.029166666666666608 0.02833333333333332
1 0.5745949074074075 0.5333912037037037 0.029166666666666785 0.02833333333333332
1 0.48246527777777776 0.472337962962963 0.030787037037037022 0.029907407407407403
1 0.5221064814814815 0.5720717592592592 0.029166666666666608 0.02833333333333332
1 0.5975983796296296 0.5847974537037037 0.030787037037037022 0.029907407407407403
1 0.40402199074074074 0.44322337962962965 0.03240740740740744 0.031481481481481485
1 0.7133680555555555 0.5667476851851851 0.032349537037037024 0.029918981481481487
1 0.4585358796296296 0.5014293981481481 0.030787037037037022 0.029907407407407403
1 0.44317129629629637 0.42417824074074073 0.03246527777777786 0.03304398148148149
1 0.3076099537037037 0.4564409722222222 0.03396990740740744 0.03149305555555557
0 0.24016203703703703 0.6187037037037036 0.033912037037037025 0.02993055555555557