1 0.25328125 0.6054224537037036 0.03989583333333328 0.03704861111111111
1 0.2615625 0.5300289351851852 0.03656249999999996 0.03383101851851844
1 0.2961458333333334 0.5673611111111111 0.038124999999999964 0.03387731481481495
1 0.2755208333333333 0.5867592592592592 0.03822916666666672 0.03543981481481495
1 0.26890625 0.5579918981481482 0.03656249999999996 0.03383101851851862
1 0.2903645833333333 0.5393518518518519 0.03489583333333339 0.032222222222222284
1 0.2466145833333333 0.5758738425925927 0.03656249999999996 0.03383101851851862
1 0.33901041666666665 0.5292997685185185 0.036666666666666625 0.035393518518518616
1 0.31765625000000003 0.5495023148148148 0.036666666666666715 0.035393518518518616
1 0.3117708333333334 0.5199305555555556 0.03656249999999996 0.03383101851851862
1 0.22921874999999997 0.4910648148148148 0.041458333333333285 0.03709490740740744
1 0.2401041666666667 0.5486689814814815 0.03645833333333339 0.03226851851851862
1 0.2557291666666667 0.5012384259259259 0.03822916666666672 0.03543981481481477
1 0.23432291666666663 0.5206597222222222 0.03499999999999996 0.033784722222222285
1 0.28375000000000006 0.5105844907407407 0.03656249999999996 0.03383101851851862
0 0.6229166666666666 0.46687500000000004 0.03833333333333329 0.03700231481481477