0 0.12190393518518519 0.69640625 0.03564814814814814 0.034629629629629656
1 0.1799189814814815 0.4381712962962963 0.03396990740740744 0.03149305555555557
1 0.2538194444444445 0.4684143518518519 0.030787037037037022 0.029907407407407403
1 0.3338541666666667 0.39633101851851854 0.03084490740740744 0.031469907407407405
1 0.2778356481481482 0.495162037037037 0.03240740740740744 0.031481481481481485
1 0.33339120370370373 0.4299305555555556 0.03084490740740744 0.031469907407407405
1 0.2818576388888889 0.386568287037037 0.03240740740740744 0.031481481481481485
1 0.3050636574074074 0.43519097222222225 0.029224537037037025 0.029895833333333323
1 0.1369502314814815 0.6488483796296296 0.03396990740740744 0.03149305555555557
1 0.27155671296296297 0.43259837962962966 0.03240740740740744 0.031481481481481485
1 0.3170138888888889 0.3235300925925926 0.03240740740740744 0.031481481481481485
1 0.22531828703703702 0.5205613425925926 0.03240740740740744 0.031481481481481485
1 0.311863425925926 0.2937962962962963 0.03240740740740744 0.031481481481481485
1 0.08070023148148148 0.7117303240740741 0.03715277777777779 0.033078703703703735
1 0.1964409722222222 0.5195659722222222 0.0324074074074074 0.031481481481481485