1 0.4765625 0.446875 0.02890625 0.02890625
1 0.35546875 0.4390625 0.0296875 0.028125
1 0.2875 0.596875 0.02890625 0.028125
1 0.2796875 0.41328125 0.03125 0.0296875
1 0.2953125 0.47265625 0.0296875 0.02890625
1 0.63203125 0.3984375 0.03125 0.02890625
1 0.68046875 0.48359375 0.03046875 0.02890625
1 0.26640625 0.4890625 0.03203125 0.0296875
0 0.3296875 0.71171875 0.03125 0.03203125
1 0.24765625 0.54140625 0.0203125 0.028125
1 0.31640625 0.53203125 0.03046875 0.02890625
1 0.321875 0.50390625 0.03125 0.0296875
1 0.26953125 0.5484375 0.034375 0.03125
1 0.2640625 0.5203125 0.0328125 0.02890625