1 0.10683449074074074 0.41531250000000003 0.03961805555555555 0.04010416666666661
1 0.10414930555555557 0.4447916666666666 0.039594907407407384 0.038541666666666786
1 0.17445601851851852 0.5017708333333333 0.03957175925925922 0.036979166666666605
1 0.08043402777777778 0.42447916666666663 0.03961805555555555 0.04010416666666679
1 0.13133101851851853 0.4356770833333334 0.039594907407407384 0.038541666666666786
1 0.1332349537037037 0.4061458333333333 0.03646990740740739 0.03833333333333329
1 0.1286111111111111 0.46281249999999996 0.041157407407407386 0.03864583333333336
1 0.14999421296296295 0.48375 0.03800925925925926 0.03687499999999986
1 0.1872685185185185 0.41833333333333333 0.041157407407407386 0.03864583333333336
1 0.1822164351851852 0.44609375 0.039594907407407384 0.038541666666666606
1 0.18997685185185187 0.3904166666666667 0.039594907407407384 0.038541666666666606
1 0.16197916666666667 0.3971354166666667 0.03961805555555555 0.04010416666666661
0 0.2620428240740741 0.5661458333333333 0.03964120370370372 0.04166666666666678
1 0.15927083333333333 0.4250520833333333 0.03800925925925926 0.03687499999999986
1 0.17798032407407408 0.47624999999999995 0.03961805555555555 0.04010416666666679
1 0.15346064814814814 0.45432291666666663 0.03961805555555555 0.04010416666666679