1 0.6212152777777777 0.3501909722222222 0.032638888888888926 0.03194444444444446
1 0.49984375 0.41149305555555554 0.031006944444444427 0.030347222222222213
1 0.4282465277777778 0.31078125 0.031076388888888928 0.031909722222222214
0 0.25765625000000003 0.6870833333333334 0.03583333333333334 0.03357638888888879
1 0.5384895833333333 0.36786458333333333 0.031076388888888928 0.031909722222222214
1 0.12090277777777778 0.4725347222222222 0.03888888888888888 0.03208333333333328
1 0.40234375 0.3250347222222222 0.031076388888888928 0.031909722222222214
1 0.1252951388888889 0.6240451388888889 0.037256944444444426 0.030486111111111214
1 0.4751215277777778 0.5576736111111111 0.029305555555555605 0.027187499999999965
1 0.15661458333333333 0.5911805555555556 0.037395833333333336 0.033611111111111036
1 0.09638888888888889 0.7287673611111111 0.04065972222222223 0.036805555555555536
1 0.33671875 0.6045486111111111 0.02475694444444443 0.030208333333333216
1 0.24208333333333334 0.3191319444444444 0.02666666666666666 0.03805555555555555