1 0.6892939814814815 0.7618055555555555 0.04108796296296298 0.04137731481481488
1 0.4375173611111111 0.6301215277777777 0.04108796296296298 0.04137731481481488
1 0.5778587962962962 0.6439236111111111 0.042731481481481384 0.04303240740740755
0 0.02565972222222222 0.5328356481481482 0.0475 0.04487268518518519
1 0.7981076388888889 0.7337731481481482 0.045937500000000145 0.044780092592592524
1 0.38843171296296297 0.6397511574074074 0.03952546296296298 0.041284722222222216
1 0.6245601851851852 0.5291435185185185 0.04108796296296298 0.04137731481481488
1 0.4401967592592593 0.3215219907407407 0.04116898148148138 0.04293981481481488
1 0.19242476851851853 0.5811168981481482 0.047662037037037044 0.04799768518518519
1 0.1478761574074074 0.3974537037037037 0.044212962962962975 0.04156250000000004
1 0.42517361111111107 0.6717071759259259 0.04116898148148138 0.04293981481481488
1 0.3295775462962963 0.6715277777777777 0.04108796296296298 0.04137731481481488
1 0.2844039351851852 0.42435185185185187 0.04108796296296298 0.04137731481481488
1 0.6760590277777778 0.5032002314814814 0.042731481481481384 0.04303240740740755
1 0.7642650462962963 0.6761284722222223 0.042731481481481384 0.043032407407407366
1 0.7832638888888889 0.5213078703703704 0.044375000000000143 0.04468750000000003