1 0.38515625 0.340625 0.02890625 0.0296875
1 0.57421875 0.29609375 0.02890625 0.03046875
1 0.5125 0.39921875 0.028125 0.02890625
1 0.06484375 0.69375 0.0375 0.03359375
1 0.44296875 0.36484375 0.0296875 0.0296875
1 0.60234375 0.31015625 0.02890625 0.03046875
1 0.19453125 0.60234375 0.03125 0.02890625
0 0.7578125 0.565625 0.028125 0.02890625
1 0.884375 0.5921875 0.03359375 0.0296875
1 0.0578125 0.49921875 0.03515625 0.0296875
1 0.69453125 0.58671875 0.02265625 0.028125
1 0.69140625 0.51875 0.0296875 0.0296875
1 0.31640625 0.33515625 0.0296875 0.0296875