1 0.5403645833333333 0.5898900462962964 0.04152777777777779 0.04303240740740755
1 0.7076909722222222 0.3750173611111111 0.04152777777777779 0.043032407407407366
1 0.5396527777777778 0.6282638888888888 0.03993055555555554 0.04137731481481488
1 0.7684548611111112 0.5748090277777778 0.04149305555555553 0.04146990740740737
1 0.7509027777777778 0.4538136574074073 0.03993055555555554 0.04137731481481488
1 0.8758854166666665 0.4104224537037037 0.04468749999999986 0.044780092592592524
1 0.8444618055555555 0.5100694444444445 0.04309027777777778 0.04312500000000004
1 0.5252604166666667 0.33263310185185185 0.03836805555555554 0.041284722222222216
1 0.7017708333333333 0.6366493055555555 0.04152777777777779 0.04303240740740755
0 0.7552430555555556 0.5083159722222221 0.03993055555555554 0.04137731481481488
1 0.6596701388888888 0.7134606481481482 0.04149305555555553 0.041469907407407545
1 0.649079861111111 0.5537210648148149 0.04149305555555553 0.041469907407407545
1 0.5058854166666666 0.27041666666666664 0.03993055555555554 0.04137731481481488
1 0.8751041666666666 0.7272916666666667 0.04624999999999986 0.04487268518518519
1 0.8140625 0.4797974537037037 0.04149305555555571 0.04146990740740737