1 0.97 0.5682407407407407 0.048125000000000286 0.04453703703703695
1 0.9041666666666666 0.5214814814814815 0.04489583333333336 0.04281250000000014
1 0.7401041666666666 0.5417476851851852 0.04166666666666678 0.04108796296296298
1 0.8387499999999999 0.6103240740740741 0.04166666666666643 0.04108796296296298
1 0.5749479166666667 0.3457002314814815 0.039999999999999855 0.03944444444444448
1 0.7541145833333334 0.30505208333333333 0.043333333333333356 0.04273148148148147
1 0.7121354166666667 0.31036458333333333 0.040000000000000036 0.03944444444444439
1 0.8746354166666667 0.5606423611111111 0.039999999999999855 0.039444444444444574
1 0.6077083333333333 0.4608101851851852 0.03833333333333329 0.03780092592592599
1 0.6385416666666666 0.3941435185185185 0.03677083333333329 0.0377199074074074
1 0.5507291666666667 0.44103009259259257 0.03833333333333329 0.03780092592592581
1 0.6377083333333333 0.311087962962963 0.040000000000000036 0.03944444444444439
1 0.6045833333333334 0.4021759259259259 0.040000000000000036 0.039444444444444574
0 0.9282812499999998 0.5657002314814814 0.04322916666666643 0.04116898148148138
1 0.6730208333333334 0.2763310185185185 0.041770833333333354 0.04265046296296297