1 0.12919560185185186 0.436863425925926 0.03800925925925922 0.03576388888888893
1 0.23268518518518516 0.2993634259259259 0.03644675925925931 0.03570601851851851
1 0.15903935185185186 0.3935474537037037 0.039594907407407384 0.037384259259259166
1 0.08699652777777778 0.43764467592592593 0.0411111111111111 0.03431712962962976
1 0.6646932870370371 0.3873263888888889 0.03332175925925931 0.03559027777777777
1 0.0913888888888889 0.4703125 0.037986111111111096 0.03420138888888893
1 0.6721006944444444 0.359693287037037 0.03332175925925931 0.03559027777777777
1 0.18127893518518517 0.5756365740740741 0.0364236111111111 0.03414351851851851
1 0.08556712962962962 0.4994502314814815 0.041134259259259266 0.03587962962962958
1 0.26348958333333333 0.5319444444444444 0.03486111111111114 0.034085648148148094
1 0.21457175925925923 0.5540798611111111 0.03642361111111114 0.03414351851851851
1 0.2725347222222222 0.5620949074074074 0.03486111111111114 0.034085648148148094
0 0.2996990740740741 0.601736111111111 0.03329861111111114 0.03402777777777786
1 0.4613541666666666 0.6442129629629629 0.03490740740740748 0.0372106481481481
1 0.3255092592592592 0.6554976851851851 0.03332175925925931 0.03559027777777786