1 0.4578125 0.71015625 0.028125 0.03203125
1 0.6671875 0.4546875 0.03046875 0.0296875
0 0.51171875 0.5484375 0.0296875 0.0296875
1 0.6921875 0.43828125 0.0296875 0.02890625
1 0.7328125 0.41875 0.0296875 0.02890625
1 0.89921875 0.28828125 0.0359375 0.0328125
1 0.834375 0.42578125 0.034375 0.02890625
1 0.88203125 0.55546875 0.03359375 0.0296875
1 0.778125 0.3671875 0.03203125 0.0296875
1 0.8578125 0.37890625 0.0328125 0.028125
1 0.88515625 0.7 0.03359375 0.03046875
1 0.871875 0.67109375 0.03359375 0.0296875
1 0.8890625 0.36796875 0.03359375 0.028125
1 0.94765625 0.7046875 0.03671875 0.03125
1 0.915625 0.7140625 0.0359375 0.03046875