1 0.48671875 0.60859375 0.02734375 0.028125
1 0.3671875 0.59375 0.0296875 0.0296875
1 0.38203125 0.4671875 0.028125 0.02890625
1 0.53203125 0.61015625 0.028125 0.0296875
1 0.4640625 0.3890625 0.028125 0.02890625
1 0.59453125 0.41875 0.028125 0.02734375
0 0.7828125 0.71171875 0.0328125 0.03203125
1 0.521875 0.2828125 0.028125 0.03125
1 0.60859375 0.63671875 0.02734375 0.02734375
1 0.896875 0.6953125 0.0328125 0.03046875
1 0.4125 0.40078125 0.02890625 0.0296875
1 0.290625 0.61484375 0.03046875 0.0296875
1 0.57890625 0.60390625 0.02890625 0.03046875
1 0.684375 0.3734375 0.0296875 0.0296875
1 0.9484375 0.5671875 0.034375 0.03046875
1 0.6171875 0.5421875 0.02734375 0.02421875