1 0.77890625 0.590625 0.03203125 0.028125
1 0.3078125 0.5390625 0.03203125 0.0296875
1 0.6296875 0.4265625 0.028125 0.028125
1 0.721875 0.57734375 0.03046875 0.03046875
1 0.4703125 0.5578125 0.02890625 0.02890625
1 0.4984375 0.5109375 0.02890625 0.02890625
1 0.5890625 0.32265625 0.028125 0.02890625
1 0.61640625 0.5171875 0.02734375 0.02734375
1 0.37265625 0.42578125 0.02890625 0.028125
0 0.45546875 0.490625 0.02890625 0.028125
1 0.71796875 0.45390625 0.02890625 0.02890625
1 0.55390625 0.46484375 0.025 0.0296875
1 0.9515625 0.5984375 0.03828125 0.03125
1 0.9421875 0.41484375 0.03515625 0.0296875
1 0.92421875 0.390625 0.0359375 0.03046875