0 0.7102430555555556 0.6758854166666667 0.03619212962962966 0.03597222222222225
1 0.837181712962963 0.41598958333333336 0.034629629629629476 0.03590277777777775
1 0.8066608796296297 0.40760416666666666 0.03775462962962948 0.03604166666666657
1 0.7864988425925926 0.4270138888888889 0.03619212962962948 0.03597222222222225
1 0.8330671296296295 0.3876909722222222 0.03619212962962948 0.03597222222222225
1 0.7663368055555556 0.4464236111111111 0.03618055555555557 0.03440972222222225
1 0.8516550925925926 0.4720833333333333 0.034629629629629476 0.03590277777777775
1 0.8146759259259259 0.43529513888888893 0.034629629629629476 0.03590277777777775
1 0.8588888888888888 0.4997395833333333 0.03618055555555557 0.03440972222222225
1 0.8025231481481482 0.48161458333333335 0.03461805555555557 0.03434027777777775
1 0.7751331018518519 0.47414930555555557 0.03618055555555557 0.03440972222222225
1 0.7477488425925926 0.4674652777777778 0.034629629629629656 0.03590277777777793
1 0.8226909722222222 0.46298611111111115 0.03461805555555557 0.03434027777777793
1 0.8307175925925925 0.4922395833333333 0.03618055555555557 0.03440972222222207
1 0.7968576388888889 0.45480902777777776 0.033055555555555574 0.03427083333333343
1 0.8428645833333335 0.4451388888888889 0.03619212962962948 0.03597222222222207