1 0.5906307870370371 0.4957118055555556 0.03780092592592599 0.03673611111111121
1 0.6528298611111112 0.5330729166666666 0.0377199074074074 0.03517361111111121
1 0.4305555555555555 0.49059027777777775 0.0377199074074074 0.03517361111111121
1 0.49445601851851856 0.4951388888888889 0.03788194444444457 0.038298611111111214
1 0.33114583333333336 0.6127430555555555 0.03944444444444439 0.03833333333333329
1 0.3800289351851852 0.3940451388888889 0.03944444444444439 0.03833333333333337
1 0.37794560185185183 0.5699826388888889 0.0378009259259259 0.03673611111111104
1 0.3357291666666667 0.5846875 0.04108796296296298 0.03993055555555554
1 0.43556134259259255 0.42421875 0.039444444444444574 0.03833333333333329
0 0.6417766203703703 0.5953993055555555 0.03780092592592581 0.03673611111111121
1 0.6686747685185186 0.6046006944444444 0.03936342592592581 0.03677083333333329
1 0.6982465277777778 0.5622395833333333 0.0361574074074074 0.03513888888888879
1 0.5427893518518518 0.5736458333333333 0.03780092592592581 0.03673611111111121
1 0.764375 0.6294097222222221 0.041006944444444395 0.03836805555555571
1 0.619230324074074 0.5776909722222221 0.03780092592592581 0.03673611111111121