1 0.28030671296296295 0.5316840277777778 0.032175925925925955 0.03240740740740744
1 0.7022511574074074 0.5496527777777778 0.030520833333333285 0.029224537037037025
1 0.4791666666666667 0.5796296296296296 0.02900462962962962 0.030729166666666786
1 0.7154976851851852 0.390943287037037 0.032175925925925955 0.03240740740740744
1 0.6020775462962963 0.5927662037037037 0.028958333333333287 0.029166666666666608
1 0.6416782407407406 0.6387152777777778 0.03212962962962962 0.03084490740740744
1 0.7855613425925926 0.5168402777777777 0.032175925925925955 0.03240740740740744
1 0.7596296296296297 0.5634837962962963 0.03208333333333328 0.02928240740740744
1 0.6251678240740741 0.4765625 0.032175925925925955 0.03240740740740744
1 0.64375 0.4452546296296296 0.028958333333333287 0.029166666666666785
1 0.5877314814814815 0.5563368055555555 0.030567129629629618 0.030787037037037022
1 0.5547337962962964 0.5488715277777778 0.028958333333333287 0.029166666666666608
1 0.6478645833333333 0.5577835648148148 0.030567129629629618 0.030787037037037022
0 0.6585821759259259 0.39273726851851853 0.030520833333333285 0.029224537037037025
1 0.8032233796296296 0.375462962962963 0.03373842592592595 0.032465277777777767
1 0.632986111111111 0.7140914351851853 0.030520833333333285 0.029224537037037025