1 0.4049189814814815 0.6038194444444445 0.03084490740740744 0.032349537037037024
1 0.3802372685185185 0.57109375 0.03240740740740744 0.03240740740740744
1 0.3449363425925926 0.5473668981481481 0.030787037037037022 0.030787037037037022
1 0.30028935185185185 0.4825231481481481 0.032349537037037024 0.030844907407407262
0 0.387355324074074 0.5309317129629629 0.032349537037037024 0.03084490740740744
1 0.39629629629629626 0.49774305555555554 0.032349537037037024 0.03084490740740744
1 0.3647858796296296 0.512991898148148 0.03240740740740744 0.03240740740740726
1 0.2645833333333333 0.4689814814814815 0.03240740740740744 0.03240740740740744
1 0.41915509259259254 0.5234953703703704 0.030787037037037022 0.030787037037037022
1 0.3314525462962963 0.521267361111111 0.03240740740740744 0.03240740740740726
1 0.3394965277777778 0.4427372685185185 0.03240740740740744 0.03240740740740744
1 0.4189814814814815 0.45543981481481477 0.032349537037037024 0.03084490740740744
1 0.3263888888888889 0.4690393518518519 0.032349537037037024 0.030844907407407262
1 0.39456018518518515 0.4297453703703704 0.032465277777777767 0.03396990740740726
1 0.3656828703703704 0.47384259259259254 0.030787037037037022 0.030787037037037022