0 0.5125 0.54765625 0.0296875 0.02890625
1 0.65625 0.571875 0.02890625 0.0265625
1 0.4578125 0.7109375 0.028125 0.03203125
1 0.7546875 0.409375 0.03046875 0.02890625
1 0.6984375 0.4328125 0.0296875 0.028125
1 0.83671875 0.70234375 0.0328125 0.03046875
1 0.57421875 0.709375 0.03046875 0.03046875
1 0.48984375 0.50625 0.03125 0.0296875
1 0.42578125 0.49921875 0.0296875 0.02890625
1 0.6375 0.45390625 0.03046875 0.02890625
1 0.7828125 0.703125 0.03125 0.02890625
1 0.840625 0.39453125 0.03203125 0.02890625
1 0.72890625 0.6734375 0.03359375 0.0296875
1 0.92109375 0.70703125 0.03515625 0.03046875
1 0.6390625 0.60625 0.03046875 0.0265625