1 0.5396412037037037 0.5429976851851852 0.03861111111111111 0.03777777777777782
1 0.3842071759259259 0.4925752314814815 0.04021990740740744 0.0393518518518519
1 0.6685590277777778 0.5951793981481481 0.03865740740740744 0.03934027777777782
1 0.5358159722222222 0.49301504629629633 0.03700231481481477 0.03620370370370374
1 0.6388599537037037 0.5422627314814814 0.03861111111111111 0.037777777777777646
1 0.386886574074074 0.45114004629629634 0.03861111111111111 0.03777777777777782
1 0.6091261574074074 0.5409201388888889 0.03700231481481477 0.03620370370370374
1 0.45982060185185186 0.4599768518518518 0.03700231481481477 0.03620370370370374
1 0.41734375 0.503269675925926 0.03861111111111111 0.037777777777777646
1 0.5709606481481482 0.5451099537037037 0.03861111111111111 0.03777777777777782
1 0.6257060185185186 0.5994039351851852 0.03861111111111111 0.037777777777777646
1 0.5909895833333334 0.5090162037037038 0.04021990740740744 0.0393518518518519
1 0.3818923611111111 0.5199421296296297 0.03861111111111111 0.037777777777777646
1 0.49450810185185184 0.5230150462962964 0.03704861111111111 0.03776620370370374
1 0.6279166666666667 0.515775462962963 0.03861111111111111 0.037777777777777646
0 0.6774652777777778 0.6584085648148148 0.04021990740740744 0.0393518518518519