1 0.7632465277777778 0.5532002314814815 0.031909722222222214 0.0315393518518519
1 0.5834722222222222 0.28687500000000005 0.030381944444444465 0.03300925925925924
1 0.6216666666666667 0.3587326388888889 0.030347222222222213 0.03144675925925924
1 0.7049826388888889 0.5418287037037037 0.033506944444444464 0.03319444444444457
1 0.5000173611111112 0.2855787037037037 0.030381944444444465 0.03300925925925924
1 0.1676388888888889 0.39109953703703704 0.033472222222222216 0.03163194444444439
1 0.4648784722222222 0.42732060185185183 0.030381944444444465 0.03300925925925924
1 0.042465277777777775 0.581869212962963 0.03663194444444444 0.03337962962962955
1 0.44546875 0.3878993055555556 0.028784722222222215 0.03135416666666666
1 0.4134375 0.5302372685185185 0.031909722222222214 0.0315393518518519
1 0.40557291666666667 0.49793402777777784 0.030347222222222213 0.03144675925925924
1 0.5915104166666667 0.48691550925925925 0.030347222222222213 0.03144675925925924
1 0.3731770833333333 0.44601851851851854 0.03194444444444446 0.0331018518518519
1 0.3980555555555555 0.5553356481481482 0.03194444444444446 0.0331018518518519
0 0.37631944444444443 0.4801620370370371 0.031909722222222214 0.0315393518518519