1 0.38515625 0.3421875 0.0296875 0.0296875
1 0.18984375 0.56875 0.03203125 0.02890625
0 0.3046875 0.3734375 0.03046875 0.02890625
1 0.8515625 0.56875 0.03203125 0.02734375
1 0.5609375 0.2953125 0.028125 0.0296875
1 0.46953125 0.3578125 0.028125 0.0296875
1 0.5140625 0.490625 0.0296875 0.02890625
1 0.165625 0.675 0.03125 0.03046875
1 0.5921875 0.2875 0.028125 0.03046875
1 0.62421875 0.30625 0.03203125 0.0296875
1 0.69453125 0.5875 0.021875 0.02890625
1 0.45390625 0.57109375 0.02890625 0.02890625
1 0.484375 0.4703125 0.03046875 0.03046875