0 0.16116319444444444 0.61015625 0.044062499999999984 0.0421875
1 0.6278645833333334 0.5859375 0.03916666666666657 0.0375
1 0.6203298611111111 0.61484375 0.04079861111111107 0.0390625
1 0.6584027777777777 0.584375 0.04079861111111107 0.0390625
1 0.6648090277777777 0.63359375 0.04072916666666657 0.0375
1 0.6415451388888889 0.559375 0.04072916666666657 0.0375
1 0.6011284722222221 0.58984375 0.03916666666666657 0.0375
1 0.609375 0.5625 0.03916666666666675 0.0375
1 0.6823611111111111 0.6078125 0.042291666666666575 0.0375
1 0.6284895833333334 0.53671875 0.03916666666666657 0.0375
1 0.6969444444444445 0.63125 0.04236111111111107 0.0390625
1 0.6035243055555556 0.64140625 0.04072916666666657 0.0375
1 0.5686111111111112 0.6359375 0.03916666666666657 0.0375
1 0.6478819444444445 0.61015625 0.04079861111111107 0.0390625
1 0.5921354166666667 0.61640625 0.04072916666666657 0.0375
1 0.6361631944444445 0.6453125 0.04079861111111107 0.0390625