1 0.17443287037037036 0.44807291666666665 0.03483796296296297 0.03354166666666671
1 0.2362384259259259 0.49078125000000006 0.03483796296296297 0.03354166666666671
1 0.1802777777777778 0.475 0.03483796296296297 0.03354166666666671
1 0.1869039351851852 0.501875 0.03483796296296297 0.03354166666666671
1 0.2024189814814815 0.45557291666666666 0.03327546296296298 0.03343749999999997
1 0.15889467592592593 0.4959375 0.0332986111111111 0.03500000000000014
1 0.23116319444444447 0.4645833333333334 0.03483796296296297 0.03354166666666671
1 0.2245601851851852 0.43614583333333334 0.03327546296296298 0.03343749999999997
1 0.2090451388888889 0.48244791666666664 0.03327546296296298 0.03343749999999997
1 0.21716435185185184 0.4085416666666667 0.03483796296296297 0.03354166666666671
0 0.8818344907407407 0.37593750000000004 0.03800925925925931 0.03687500000000003
1 0.19578125 0.4294791666666667 0.03483796296296293 0.03354166666666671
1 0.13245949074074073 0.4891145833333333 0.03483796296296297 0.03354166666666671
1 0.15306134259259258 0.4682291666666666 0.03168981481481481 0.031770833333333214
1 0.24130208333333333 0.5177604166666667 0.03325231481481481 0.031874999999999966
1 0.2133275462962963 0.5094791666666667 0.03168981481481481 0.031770833333333394