1 0.353125 0.50625 0.0296875 0.02890625
1 0.5609375 0.31640625 0.0296875 0.03125
1 0.69921875 0.5421875 0.03125 0.02734375
0 0.59453125 0.359375 0.03046875 0.0296875
1 0.27578125 0.496875 0.03125 0.0296875
1 0.5515625 0.5015625 0.028125 0.02890625
1 0.5640625 0.55546875 0.02890625 0.02890625
1 0.73359375 0.57265625 0.03203125 0.02890625
1 0.7015625 0.478125 0.02890625 0.02734375
1 0.68359375 0.7203125 0.03125 0.03046875
1 0.74609375 0.6625 0.0328125 0.0296875
1 0.29609375 0.4078125 0.03046875 0.03046875
1 0.47734375 0.3515625 0.02890625 0.0296875