1 0.4609375 0.534375 0.02890625 0.02890625
1 0.62265625 0.54453125 0.03125 0.02890625
1 0.32265625 0.5359375 0.02890625 0.0296875
1 0.48125 0.4890625 0.028125 0.028125
1 0.36875 0.49765625 0.02890625 0.02890625
1 0.634375 0.5046875 0.02890625 0.02890625
1 0.396875 0.50703125 0.028125 0.02734375
1 0.5640625 0.4859375 0.028125 0.028125
1 0.58828125 0.5421875 0.02890625 0.02890625
1 0.43125 0.525 0.02890625 0.02890625
1 0.3609375 0.55625 0.02890625 0.02890625
1 0.425 0.484375 0.0296875 0.0296875
1 0.615625 0.57109375 0.02890625 0.028125
1 0.509375 0.5328125 0.02734375 0.02890625
1 0.38828125 0.4765625 0.028125 0.02890625
0 0.29296875 0.5921875 0.03046875 0.0296875