1 0.7864583333333334 0.5050347222222222 0.03576388888888893 0.033796296296296366
1 0.5498611111111111 0.6434895833333334 0.032638888888888926 0.03356481481481488
1 0.7729340277777779 0.7211516203703704 0.03413194444444443 0.03211805555555571
1 0.8184201388888889 0.6500578703703704 0.03413194444444443 0.03211805555555571
1 0.6016145833333333 0.7311921296296295 0.031006944444444427 0.031886574074074046
1 0.8796354166666667 0.40141782407407406 0.03739583333333343 0.03547453703703703
1 0.11107638888888889 0.7105324074074074 0.03583333333333334 0.035358796296296194
1 0.7403472222222222 0.3785590277777778 0.032638888888888926 0.03356481481481488
1 0.4886284722222222 0.7337962962962963 0.031076388888888928 0.03344907407407405
1 0.9099652777777777 0.6537037037037037 0.03895833333333343 0.03559027777777786
0 0.7580381944444444 0.5977719907407407 0.03256944444444443 0.03200231481481488
1 0.9209895833333335 0.49383680555555554 0.03895833333333343 0.03559027777777786
1 0.36586805555555557 0.7270543981481481 0.03114583333333325 0.03501157407407405
1 0.859375 0.5927372685185185 0.03569444444444443 0.03223379629629619
1 0.9004166666666666 0.7980034722222223 0.03732638888888893 0.033912037037037025
1 0.876736111111111 0.7664641203703704 0.03420138888888893 0.03368055555555571