1 0.4326215277777778 0.778125 0.04437499999999996 0.0421875
1 0.07365162037037036 0.59453125 0.047546296296296295 0.0453125
1 0.21422453703703703 0.74921875 0.045937499999999964 0.0421875
1 0.23875000000000002 0.7171875 0.04437499999999996 0.0421875
1 0.12358796296296296 0.64296875 0.044351851851851885 0.040625
1 0.4492708333333333 0.6890625 0.04281250000000014 0.0421875
1 0.22804976851851855 0.7859375 0.04437499999999996 0.0421875
1 0.7010648148148148 0.38828125 0.042789351851851974 0.040625
1 0.13617476851851854 0.490625 0.04122685185185189 0.040625
1 0.6376851851851851 0.434375 0.04120370370370381 0.0390625
1 0.2206134259259259 0.54765625 0.04120370370370363 0.0390625
1 0.08469328703703703 0.49609375 0.04596064814814815 0.04375
0 0.772494212962963 0.30546875 0.047546296296296295 0.0453125
1 0.7501562500000001 0.27421875 0.04281250000000014 0.0421875