1 0.6046875 0.446875 0.02890625 0.02890625
1 0.6765625 0.46171875 0.028125 0.02734375
1 0.4515625 0.4953125 0.02890625 0.02734375
1 0.51328125 0.478125 0.028125 0.0296875
1 0.4015625 0.6421875 0.0296875 0.0296875
1 0.36953125 0.421875 0.0296875 0.03046875
1 0.43046875 0.58671875 0.028125 0.02890625
1 0.39609375 0.6140625 0.03125 0.03125
1 0.4328125 0.43125 0.0296875 0.03046875
0 0.68828125 0.5234375 0.028125 0.028125
1 0.7171875 0.5234375 0.0296875 0.02890625
1 0.7296875 0.4734375 0.028125 0.0265625
1 0.5875 0.5359375 0.02890625 0.02890625
1 0.81640625 0.51484375 0.03203125 0.0296875
1 0.6609375 0.5140625 0.02890625 0.02890625