1 0.32140625 0.3621412037037037 0.036666666666666715 0.03641203703703706
1 0.3544270833333333 0.4574421296296297 0.03822916666666672 0.03650462962962955
1 0.29723958333333333 0.44671296296296303 0.03822916666666672 0.03650462962962955
1 0.30604166666666666 0.5199189814814815 0.03822916666666672 0.03650462962962955
1 0.39421875 0.395474537037037 0.03656249999999996 0.03484953703703706
1 0.7155208333333334 0.47369212962962964 0.03645833333333339 0.03328703703703706
1 0.18609375 0.5678124999999999 0.0380208333333333 0.03337962962962955
1 0.6741666666666667 0.382806712962963 0.03500000000000014 0.034756944444444396
1 0.20109375 0.6281018518518519 0.038124999999999964 0.034942129629629545
1 0.08864583333333334 0.612019675925926 0.04302083333333333 0.03834490740740755
1 0.32281250000000006 0.43029513888888893 0.03656249999999996 0.03484953703703688
0 0.3439583333333333 0.6651273148148148 0.03833333333333329 0.03806712962962955
1 0.09151041666666666 0.3726273148148148 0.04291666666666667 0.03678240740740737
1 0.11239583333333333 0.49766782407407406 0.04468749999999999 0.040000000000000036
1 0.26697916666666666 0.5810590277777778 0.03208333333333328 0.037696759259259235
1 0.5147395833333334 0.41500000000000004 0.03499999999999996 0.034756944444444396