1 0.5316782407407408 0.6546875 0.03788194444444439 0.0375
1 0.735457175925926 0.28046875 0.039444444444444574 0.0375
1 0.31057291666666664 0.42890625 0.03788194444444439 0.0375
1 0.3017939814814815 0.40234375 0.03788194444444439 0.0375
1 0.6671990740740741 0.64765625 0.03788194444444439 0.0375
1 0.7629050925925925 0.51953125 0.037638888888889 0.0328125
1 0.7619444444444444 0.44765625 0.04092592592592599 0.0359375
1 0.5256944444444445 0.36328125 0.03459490740740741 0.034375
1 0.484369212962963 0.36171875 0.036238425925925986 0.0359375
0 0.7411747685185185 0.546875 0.03936342592592599 0.0359375
1 0.7109085648148149 0.54296875 0.03936342592592581 0.0359375
1 0.6478414351851851 0.4484375 0.0361574074074074 0.034375
1 0.7372164351851852 0.42734375 0.03936342592592581 0.0359375
1 0.44342013888888887 0.4734375 0.036238425925925986 0.0359375