1 0.16821180555555557 0.5814988425925925 0.033506944444444464 0.032951388888889
1 0.06255208333333333 0.6025520833333333 0.03975694444444446 0.03327546296296298
1 0.1962326388888889 0.6133854166666667 0.03510416666666667 0.03459490740740741
1 0.6560069444444444 0.3742476851851852 0.03354166666666671 0.03451388888888882
1 0.26256944444444447 0.578587962962963 0.033506944444444464 0.032951388888889
1 0.6528645833333334 0.40842013888888895 0.03197916666666671 0.03443287037037024
1 0.32201388888888893 0.409212962962963 0.033506944444444464 0.032951388888889
1 0.6281944444444445 0.4921990740740741 0.035104166666666714 0.03459490740740741
1 0.5644965277777778 0.6457465277777777 0.03197916666666671 0.03443287037037042
1 0.09684027777777779 0.6355439814814815 0.035069444444444445 0.033032407407407406
1 0.5474305555555555 0.5098611111111111 0.03194444444444446 0.03287037037037024
1 0.6183854166666667 0.612644675925926 0.03354166666666671 0.034513888888889
0 0.9061458333333334 0.6743865740740741 0.03982638888888914 0.036400462962962975
1 0.05407986111111111 0.53734375 0.03822916666666667 0.03475694444444457
1 0.7109027777777778 0.5269212962962962 0.03354166666666671 0.034513888888889
1 0.5688194444444445 0.4891203703703704 0.03354166666666671 0.034513888888889