1 0.5140277777777778 0.6794097222222222 0.03357638888888879 0.035833333333333425
1 0.2971006944444444 0.6655902777777778 0.03673611111111112 0.03753472222222225
1 0.24559027777777778 0.28312499999999996 0.038298611111111124 0.03760416666666666
1 0.45043402777777786 0.6681597222222222 0.03517361111111121 0.03746527777777775
1 0.3386111111111111 0.6332465277777778 0.03513888888888887 0.03590277777777775
1 0.49373263888888896 0.3291840277777778 0.03513888888888879 0.03590277777777775
1 0.5877951388888889 0.6557986111111112 0.03517361111111121 0.03746527777777775
1 0.5141145833333333 0.4369791666666666 0.03194444444444429 0.032638888888888926
1 0.5860763888888888 0.3321180555555555 0.03357638888888879 0.03583333333333325
1 0.7036979166666667 0.6983506944444444 0.03673611111111121 0.03753472222222225
1 0.6544444444444444 0.2766840277777778 0.03517361111111121 0.03746527777777775
1 0.5235590277777777 0.5804513888888889 0.03194444444444446 0.032638888888888926