1 0.34052083333333333 0.7375 0.04281249999999996 0.04312500000000004
1 0.5163368055555555 0.6258159722222223 0.03807870370370381 0.03989583333333328
1 0.5419733796296295 0.5822916666666667 0.03649305555555564 0.038298611111111214
1 0.6574652777777779 0.3251215277777778 0.03964120370370381 0.03993055555555554
1 0.850318287037037 0.43407986111111113 0.04120370370370381 0.03996527777777779
1 0.17545717592592594 0.6505729166666667 0.04120370370370372 0.03996527777777779
1 0.3177199074074074 0.37875000000000003 0.03964120370370363 0.03993055555555554
1 0.859872685185185 0.36904513888888885 0.04435185185185162 0.041597222222222285
1 0.49976273148148154 0.6902256944444444 0.03649305555555564 0.038298611111111214
1 0.6465219907407407 0.48390625 0.03805555555555564 0.03833333333333329
1 0.28763310185185187 0.5645138888888889 0.03964120370370363 0.03993055555555554
1 0.6072395833333333 0.28875 0.03964120370370381 0.03993055555555554
1 0.56328125 0.6200868055555555 0.03807870370370363 0.03989583333333328
1 0.7983622685185184 0.35635416666666664 0.044351851851851795 0.041597222222222195
1 0.6914814814814815 0.24314236111111112 0.03649305555555564 0.038298611111111124
0 0.1922916666666667 0.832170138888889 0.04437500000000001 0.04315972222222229