1 0.7546875 0.528125 0.03046875 0.0296875
1 0.78515625 0.521875 0.03125 0.028125
1 0.81875 0.46171875 0.0328125 0.0296875
1 0.9453125 0.696875 0.0375 0.0328125
1 0.7359375 0.5515625 0.03046875 0.028125
1 0.8390625 0.50703125 0.03359375 0.0296875
1 0.80390625 0.49375 0.0328125 0.0296875
1 0.81484375 0.584375 0.0328125 0.0296875
1 0.940625 0.50234375 0.034375 0.03046875
0 0.753125 0.44140625 0.03203125 0.0296875
1 0.9203125 0.55 0.0359375 0.03046875
1 0.77578125 0.5484375 0.0296875 0.0265625
1 0.95234375 0.559375 0.03125 0.028125
1 0.89921875 0.52578125 0.03515625 0.03046875
1 0.9421875 0.53046875 0.034375 0.0296875
1 0.9109375 0.4953125 0.03203125 0.028125