1 0.6430208333333333 0.5667476851851851 0.033333333333333215 0.0331018518518519
1 0.4861979166666667 0.5190219907407407 0.03166666666666664 0.03144675925925924
1 0.504375 0.5640219907407407 0.031770833333333394 0.03300925925925924
1 0.3322916666666667 0.533431712962963 0.03166666666666664 0.03144675925925924
1 0.54140625 0.5144502314814815 0.033333333333333395 0.0331018518518519
1 0.5355208333333333 0.5556712962962963 0.031770833333333214 0.03300925925925924
1 0.37677083333333333 0.5721469907407407 0.03322916666666664 0.0315393518518519
1 0.45739583333333333 0.5628067129629629 0.031770833333333214 0.03300925925925924
1 0.6055729166666667 0.5872743055555556 0.03322916666666664 0.0315393518518519
1 0.4025520833333333 0.514849537037037 0.030104166666666644 0.03135416666666657
1 0.5984895833333332 0.5288136574074074 0.03166666666666664 0.03144675925925924
1 0.5672395833333332 0.5387268518518519 0.031770833333333214 0.03300925925925924
1 0.3422395833333333 0.5724537037037036 0.03322916666666664 0.0315393518518519
1 0.34979166666666667 0.6003530092592593 0.03322916666666664 0.0315393518518519
1 0.57875 0.5072511574074074 0.031770833333333214 0.03300925925925924
0 0.6729687500000001 0.6234259259259259 0.033333333333333215 0.0331018518518519