1 0.5482986111111112 0.5602199074074073 0.03989583333333328 0.03778935185185191
0 0.5791145833333333 0.6463715277777778 0.03833333333333329 0.037777777777777646
1 0.4545659722222222 0.41970486111111105 0.03836805555555554 0.03934027777777764
1 0.43390625 0.36877893518518523 0.03833333333333329 0.03777777777777782
1 0.37288194444444445 0.39957175925925925 0.03993055555555554 0.0393518518518519
1 0.5545833333333333 0.38607638888888884 0.03989583333333328 0.03778935185185182
1 0.5024305555555555 0.5700347222222222 0.03673611111111121 0.03620370370370374
1 0.844392361111111 0.28120949074074075 0.043055555555555715 0.03937499999999998
1 0.5294618055555556 0.4507233796296296 0.03673611111111104 0.03620370370370374
1 0.3385590277777778 0.4368113425925926 0.03833333333333337 0.03777777777777782
1 0.7727430555555556 0.3962847222222222 0.04309027777777778 0.04093750000000007
1 0.49111111111111116 0.7285185185185185 0.03833333333333329 0.037777777777777646
1 0.7954861111111111 0.40035879629629634 0.028819444444444463 0.031458333333333324
1 0.13657986111111112 0.41656828703703697 0.04309027777777778 0.04093750000000007