1 0.3731712962962963 0.3567824074074074 0.03803240740740739 0.03815972222222221
1 0.39109953703703704 0.4133622685185185 0.03805555555555555 0.039722222222222214
1 0.4694502314814814 0.6666608796296296 0.03649305555555564 0.03962962962962955
1 0.6452662037037037 0.7802951388888889 0.04281250000000014 0.04468749999999986
1 0.4218402777777778 0.6607118055555555 0.03807870370370381 0.041284722222222216
1 0.17609375 0.5171296296296296 0.03964120370370372 0.04137731481481488
1 0.1879513888888889 0.4028877314814815 0.041180555555555554 0.03990740740740737
1 0.2889641203703704 0.28767361111111106 0.04120370370370372 0.04146990740740737
1 0.4864699074074075 0.7317881944444444 0.03966435185185198 0.04293981481481488
1 0.4442939814814816 0.6229456018518518 0.03805555555555564 0.039722222222222214
1 0.8107870370370371 0.691579861111111 0.044375000000000143 0.044780092592592524
1 0.12443865740740741 0.4147627314814815 0.04276620370370372 0.04156250000000004
1 0.33784722222222224 0.524369212962963 0.03805555555555555 0.039722222222222214
1 0.66625 0.4195023148148148 0.04122685185185197 0.043032407407407366
0 0.7932233796296296 0.8742939814814814 0.044351851851851976 0.04321759259259252
1 0.6963078703703703 0.6073842592592593 0.03964120370370363 0.04137731481481488