1 0.275 0.346875 0.03046875 0.03125
1 0.29453125 0.5671875 0.0296875 0.02890625
1 0.2359375 0.5421875 0.03125 0.02890625
1 0.16484375 0.6 0.03359375 0.0296875
1 0.228125 0.62734375 0.03203125 0.03046875
1 0.2140625 0.4890625 0.03125 0.02890625
0 0.21484375 0.3140625 0.03203125 0.03203125
1 0.08984375 0.48046875 0.034375 0.0296875
1 0.325 0.71796875 0.0296875 0.03125
1 0.228125 0.665625 0.03359375 0.03203125
1 0.209375 0.3515625 0.03203125 0.03046875
1 0.23359375 0.3921875 0.0328125 0.0296875
1 0.26484375 0.6875 0.03046875 0.03125
1 0.259375 0.30625 0.03125 0.0296875
1 0.12421875 0.37109375 0.03515625 0.0296875
1 0.115625 0.675 0.0359375 0.03203125