1 0.47018518518518515 0.48251736111111115 0.029907407407407403 0.03144675925925924
1 0.43390625 0.4385532407407407 0.029907407407407403 0.03144675925925924
1 0.479375 0.4569618055555555 0.029907407407407403 0.03144675925925924
1 0.4504803240740741 0.4602372685185186 0.031469907407407405 0.0315393518518519
1 0.5074768518518519 0.4521701388888889 0.031469907407407405 0.0315393518518519
1 0.46045138888888887 0.4346354166666667 0.029907407407407403 0.03144675925925924
1 0.44308449074074074 0.41143518518518524 0.03149305555555557 0.034664351851851904
1 0.5174363425925926 0.42500578703703706 0.031481481481481485 0.0331018518518519
1 0.49011574074074077 0.4297511574074074 0.029907407407407403 0.03144675925925924
1 0.497505787037037 0.4777719907407407 0.029907407407407403 0.03144675925925924
0 0.3213946759259259 0.33814236111111107 0.033055555555555574 0.034756944444444396
1 0.5321006944444444 0.39990740740740743 0.031481481481481485 0.0331018518518519
1 0.4875405092592593 0.5041550925925925 0.031481481481481485 0.0331018518518519
1 0.4165451388888889 0.4161342592592593 0.029907407407407403 0.03144675925925924
1 0.4719733796296296 0.40737847222222223 0.029918981481481487 0.03300925925925924
1 0.5008680555555556 0.40410300925925924 0.033055555555555574 0.03475694444444457