1 0.5120138888888889 0.5281018518518519 0.03700231481481495 0.03700231481481477
1 0.3544386574074074 0.49842592592592594 0.038564814814814774 0.03704861111111111
1 0.6436458333333334 0.5640104166666667 0.03700231481481477 0.03700231481481495
1 0.5064409722222223 0.47909143518518515 0.035393518518518616 0.035393518518518616
1 0.6107523148148148 0.5150289351851851 0.03700231481481495 0.03700231481481495
1 0.3556886574074074 0.4562384259259259 0.03700231481481477 0.03700231481481477
1 0.5810185185185185 0.5174710648148148 0.035393518518518616 0.035393518518518616
1 0.42829861111111106 0.4556481481481482 0.035393518518518616 0.035393518518518616
1 0.38782407407407404 0.5044618055555555 0.03700231481481477 0.03700231481481477
1 0.5432870370370371 0.5263946759259259 0.03700231481481477 0.03700231481481495
1 0.6004224537037037 0.5738773148148149 0.03700231481481477 0.03700231481481477
1 0.5615856481481482 0.4883854166666667 0.03861111111111111 0.03861111111111111
1 0.3536284722222222 0.5257696759259259 0.03695601851851853 0.03543981481481477
1 0.46635995370370364 0.5146238425925926 0.03543981481481495 0.036956018518518444
1 0.5989930555555556 0.49039930555555555 0.03543981481481477 0.036956018518518444
0 0.6543171296296296 0.6253587962962963 0.03861111111111111 0.03861111111111111