1 0.3665682870370371 0.5020659722222222 0.030520833333333285 0.029664351851851834
1 0.5105844907407407 0.432974537037037 0.02900462962962962 0.031145833333333428
1 0.46849537037037037 0.4055150462962963 0.030520833333333285 0.029664351851851834
1 0.2533912037037037 0.5570775462962964 0.03212962962962962 0.031307870370370236
1 0.26829282407407407 0.6070081018518518 0.030520833333333285 0.029664351851851834
1 0.35528935185185184 0.38252314814814814 0.030567129629629618 0.031226851851851832
0 0.6532233796296296 0.6736342592592592 0.032222222222222284 0.03443287037037042
1 0.3627893518518518 0.5506249999999999 0.030520833333333285 0.029664351851851834
1 0.3050868055555555 0.470931712962963 0.030520833333333285 0.029664351851851834
1 0.12951388888888887 0.5783217592592592 0.03530092592592595 0.033032407407407406
1 0.312494212962963 0.5368518518518519 0.03212962962962962 0.031307870370370416
1 0.503431712962963 0.46376736111111116 0.028958333333333287 0.029583333333333427
1 0.4416377314814815 0.4958333333333334 0.028958333333333287 0.029583333333333427
1 0.3122569444444444 0.5711863425925926 0.03212962962962962 0.031307870370370416
1 0.6477777777777778 0.5678298611111111 0.030567129629629618 0.031226851851851832
1 0.2853530092592592 0.5577604166666668 0.030474537037036953 0.028101851851851833