0 0.6828125 0.4359375 0.03046875 0.0296875
1 0.62109375 0.5546875 0.028125 0.028125
1 0.7921875 0.39296875 0.03046875 0.0296875
1 0.684375 0.47890625 0.02890625 0.028125
1 0.671875 0.55703125 0.03046875 0.02890625
1 0.5125 0.64609375 0.03046875 0.03125
1 0.4203125 0.678125 0.02890625 0.03046875
1 0.73046875 0.603125 0.03125 0.02890625
1 0.76328125 0.43046875 0.03125 0.02890625
1 0.4 0.5 0.02734375 0.02734375
1 0.51015625 0.5328125 0.02734375 0.02734375
1 0.3609375 0.6984375 0.0296875 0.03046875
1 0.7171875 0.55234375 0.03046875 0.02890625
1 0.59765625 0.71328125 0.02890625 0.0296875
1 0.6546875 0.4859375 0.028125 0.02734375
1 0.640625 0.44140625 0.028125 0.02890625