1 0.4833333333333333 0.693287037037037 0.033067129629629655 0.036076388888889
1 0.6323611111111112 0.4102777777777778 0.03149305555555557 0.03443287037037042
1 0.6333449074074073 0.38297453703703704 0.033055555555555574 0.03451388888888891
1 0.1886400462962963 0.3833622685185185 0.03619212962962961 0.036238425925925986
1 0.35337962962962965 0.7224999999999999 0.033067129629629655 0.036076388888889
1 0.4268229166666667 0.40899884259259256 0.029918981481481487 0.03278935185185183
1 0.3189004629629629 0.5237615740740741 0.031481481481481485 0.03287037037037042
1 0.1177835648148148 0.5586631944444445 0.03930555555555557 0.03483796296296297
1 0.22743055555555552 0.5276157407407408 0.03461805555555557 0.03459490740740741
1 0.06397569444444444 0.6480960648148149 0.042442129629629635 0.03656249999999996
1 0.5428472222222223 0.4665972222222223 0.031481481481481485 0.03287037037037024
1 0.2805613425925926 0.6350983796296297 0.034629629629629656 0.0361574074074074
1 0.22816550925925924 0.6394155092592593 0.03459490740740741 0.031469907407407405
1 0.11269675925925926 0.5068171296296297 0.03931712962962961 0.036400462962962975
0 0.37328703703703703 0.3562037037037037 0.03621527777777782 0.0393634259259259