1 0.7203125 0.54609375 0.03046875 0.0296875
1 0.70546875 0.521875 0.02890625 0.02890625
1 0.6484375 0.52421875 0.0296875 0.02890625
1 0.66328125 0.54765625 0.028125 0.028125
0 0.69140625 0.36953125 0.03203125 0.03125
1 0.67734375 0.521875 0.02890625 0.028125
1 0.69140625 0.49765625 0.0296875 0.02890625
1 0.69296875 0.546875 0.02890625 0.02734375
1 0.67890625 0.57109375 0.02890625 0.028125
1 0.65 0.571875 0.028125 0.028125
1 0.6359375 0.5484375 0.0296875 0.028125
1 0.675 0.4734375 0.0296875 0.02890625
1 0.6609375 0.4984375 0.02890625 0.028125
1 0.7359375 0.56875 0.02890625 0.028125
1 0.70625 0.57109375 0.0296875 0.02734375
1 0.621875 0.5734375 0.03046875 0.02734375