1 0.7612847222222222 0.38047453703703704 0.03631944444444439 0.033067129629629655
1 0.6427777777777777 0.30462962962962964 0.03475694444444457 0.033055555555555574
1 0.1337789351851852 0.7420717592592593 0.042754629629629635 0.036238425925925986
1 0.9004224537037036 0.6595081018518518 0.0396296296296299 0.03621527777777782
1 0.30352430555555554 0.4965625 0.034756944444444396 0.033055555555555574
1 0.3352893518518519 0.5186631944444444 0.033194444444444395 0.03304398148148149
1 0.654693287037037 0.43981481481481477 0.034756944444444396 0.033055555555555574
1 0.847806712962963 0.6677083333333333 0.036412037037037236 0.034629629629629656
1 0.2356076388888889 0.7209606481481481 0.03797453703703706 0.034641203703703737
1 0.22892939814814817 0.5819097222222223 0.03953703703703706 0.034652777777777824
1 0.2171759259259259 0.6075925925925926 0.03944444444444448 0.03309027777777782
1 0.1492534722222222 0.7132928240740741 0.041192129629629634 0.036226851851851906
1 0.9814785879629628 0.6523148148148149 0.03704282407407433 0.036226851851851906
1 0.2731018518518519 0.49711805555555555 0.02041666666666666 0.028263888888888998