1 0.7615277777777778 0.29776041666666664 0.040173611111111104 0.04010416666666661
1 0.5885706018518518 0.5299479166666667 0.03861111111111111 0.040000000000000036
1 0.821869212962963 0.49802083333333336 0.038564814814814954 0.03843749999999986
1 0.8399479166666666 0.4141666666666667 0.04008101851851862 0.036979166666666605
1 0.6664525462962964 0.5855729166666667 0.03700231481481495 0.03833333333333329
1 0.813142361111111 0.16098958333333332 0.041782407407407615 0.041770833333333354
1 0.2026736111111111 0.7911458333333334 0.04178240740740744 0.041770833333333354
1 0.6762094907407408 0.2036458333333333 0.03861111111111111 0.040000000000000036
1 0.5619386574074074 0.6393229166666666 0.03704861111111111 0.03989583333333328
1 0.9268576388888888 0.375625 0.04334490740740762 0.041875000000000016
0 0.7664699074074074 0.3941145833333333 0.038564814814814954 0.038437499999999944
1 0.8829571759259259 0.22572916666666668 0.04334490740740762 0.041875000000000016
1 0.4450405092592592 0.6900000000000001 0.03548611111111111 0.03979166666666671
1 0.8584375000000002 0.3427604166666667 0.04168981481481495 0.03864583333333336
1 0.964994212962963 0.50953125 0.03704861111111128 0.03989583333333328
1 0.9343229166666667 0.4920833333333333 0.04012731481481495 0.038541666666666606