1 0.4824131944444444 0.6984375 0.040266203703703596 0.040625
1 0.47419560185185183 0.63203125 0.040266203703703596 0.040625
1 0.20161458333333332 0.45 0.04182870370370369 0.040625
1 0.6366782407407408 0.76328125 0.0418287037037036 0.040625
1 0.34297453703703706 0.2375 0.04182870370370369 0.040625
0 0.770457175925926 0.875 0.04982638888888893 0.046875
1 0.7083564814814814 0.5984375 0.04021990740740744 0.0390625
1 0.702042824074074 0.41171875 0.04343749999999993 0.0421875
1 0.81125 0.69609375 0.04660879629629626 0.04375
1 0.36179976851851847 0.47734375 0.04021990740740744 0.0390625
1 0.42825231481481474 0.3734375 0.0418287037037036 0.040625
1 0.4285358796296297 0.6203125 0.0418287037037036 0.040625
1 0.4187037037037037 0.31484375 0.03861111111111111 0.0375
1 0.4541030092592592 0.58671875 0.04021990740740744 0.0390625
1 0.16255208333333332 0.34453125 0.04500000000000002 0.0421875
1 0.2280150462962963 0.3390625 0.04339120370370368 0.040625