1 0.5409375 0.6556423611111111 0.03151620370370374 0.03825231481481488
0 0.8702777777777777 0.6780960648148148 0.03932870370370374 0.038831018518518515
1 0.7057928240740741 0.641869212962963 0.033078703703703735 0.03836805555555554
1 0.5085474537037037 0.6010416666666666 0.031481481481481485 0.03356481481481488
1 0.7110416666666667 0.46032986111111107 0.031481481481481485 0.03356481481481488
1 0.46161458333333333 0.6123263888888889 0.033067129629629655 0.036805555555555716
1 0.6357465277777778 0.2949074074074074 0.033067129629629655 0.036805555555555536
1 0.8411516203703705 0.49910300925925927 0.03619212962962948 0.03703703703703702
1 0.34833333333333333 0.5153067129629629 0.031481481481481485 0.03356481481481488
1 0.4728645833333333 0.5693287037037036 0.03149305555555557 0.03512731481481488
1 0.33945601851851853 0.3434027777777778 0.031481481481481485 0.03356481481481479
1 0.11505208333333332 0.49042245370370363 0.03774305555555557 0.03559027777777786
1 0.17309606481481482 0.45489004629629637 0.03460648148148149 0.03379629629629619
1 0.3695601851851852 0.3903645833333333 0.031481481481481485 0.03356481481481488
1 0.1902199074074074 0.5676215277777777 0.03461805555555557 0.03535879629629637
1 0.24054976851851856 0.3085648148148148 0.03461805555555557 0.03535879629629637