1 0.378125 0.44453125 0.0296875 0.02890625
1 0.31484375 0.390625 0.0296875 0.0296875
1 0.096875 0.3375 0.03515625 0.03046875
1 0.284375 0.41640625 0.03125 0.0296875
1 0.17421875 0.6265625 0.0328125 0.0296875
1 0.3296875 0.478125 0.0296875 0.028125
1 0.53671875 0.42265625 0.028125 0.02890625
0 0.17421875 0.5859375 0.0328125 0.0296875
1 0.196875 0.415625 0.0328125 0.03046875
1 0.3765625 0.675 0.028125 0.0296875
1 0.4078125 0.6984375 0.028125 0.03203125
1 0.1640625 0.45625 0.03515625 0.03125
1 0.34921875 0.40546875 0.02890625 0.02890625
1 0.459375 0.4203125 0.02890625 0.02890625
1 0.13046875 0.4390625 0.03359375 0.03046875
1 0.61015625 0.45703125 0.02734375 0.0296875