1 0.61796875 0.51953125 0.02890625 0.02734375
1 0.475 0.4609375 0.028125 0.02890625
1 0.5171875 0.43046875 0.02890625 0.028125
1 0.73125 0.5671875 0.03125 0.02890625
1 0.715625 0.61796875 0.0296875 0.02734375
1 0.63125 0.39921875 0.0296875 0.02890625
0 0.3296875 0.71171875 0.03125 0.03203125
1 0.621875 0.56796875 0.0296875 0.028125
1 0.68046875 0.484375 0.0296875 0.02734375
1 0.8546875 0.5796875 0.034375 0.03046875
1 0.671875 0.55078125 0.03046875 0.02890625
1 0.48203125 0.490625 0.02734375 0.028125
1 0.54296875 0.51875 0.028125 0.02734375
1 0.671875 0.58515625 0.03046875 0.02890625
1 0.3359375 0.60546875 0.0296875 0.02890625
1 0.69921875 0.5703125 0.02890625 0.0265625