1 0.533125 0.4316319444444444 0.0361574074074074 0.03513888888888879
1 0.6468460648148148 0.39234375 0.0377199074074074 0.03517361111111113
1 0.7578414351851852 0.5267534722222222 0.0361574074074074 0.03513888888888879
1 0.7117650462962963 0.34710069444444447 0.03936342592592581 0.03677083333333329
1 0.7141840277777778 0.40883680555555557 0.03780092592592599 0.03673611111111104
1 0.3701388888888889 0.4258680555555555 0.0393634259259259 0.03677083333333329
1 0.3484780092592593 0.5209895833333333 0.03780092592592599 0.03673611111111104
1 0.7466608796296297 0.41671874999999997 0.03936342592592599 0.03677083333333329
0 0.7508391203703704 0.6481423611111111 0.03952546296296298 0.03989583333333328
1 0.7795196759259259 0.46213541666666663 0.028263888888888998 0.03340277777777771
1 0.7111747685185186 0.47147569444444437 0.03780092592592599 0.03673611111111121
1 0.697337962962963 0.4459722222222222 0.03936342592592599 0.03677083333333329
1 0.7606365740740741 0.47506944444444443 0.04265046296296297 0.03996527777777779
1 0.7575752314814814 0.44619791666666664 0.04092592592592599 0.036805555555555536