1 0.8228182870370372 0.40934027777777776 0.040173611111111285 0.03836805555555554
1 0.5939756944444444 0.49572916666666667 0.038564814814814774 0.03677083333333329
1 0.5491898148148148 0.3825868055555556 0.03861111111111111 0.03833333333333329
1 0.46649884259259256 0.4149131944444445 0.03700231481481477 0.03673611111111121
1 0.41932291666666666 0.4057986111111111 0.038564814814814774 0.03677083333333329
1 0.44849537037037035 0.46690972222222216 0.03861111111111111 0.03833333333333329
1 0.42699652777777775 0.5064756944444444 0.038564814814814774 0.03677083333333329
1 0.2241087962962963 0.43984375 0.038564814814814774 0.03677083333333329
1 0.2663773148148148 0.49440972222222224 0.03539351851851844 0.03513888888888879
1 0.11967013888888889 0.6352604166666667 0.04178240740740739 0.03996527777777779
1 0.18068865740740742 0.47833333333333333 0.03695601851851853 0.03517361111111121
1 0.35625 0.5197743055555556 0.03700231481481477 0.03673611111111121
1 0.46435763888888887 0.5009548611111111 0.035393518518518616 0.03513888888888879
0 0.3788715277777778 0.46532986111111113 0.03534722222222229 0.03357638888888879
1 0.3787037037037037 0.43328125 0.03383101851851844 0.035104166666666714