1 0.12760416666666666 0.27085069444444443 0.04645833333333336 0.042569444444444396
1 0.12161458333333335 0.3256423611111111 0.044791666666666695 0.04093750000000007
1 0.22171875000000002 0.38973958333333336 0.043229166666666693 0.040868055555555574
1 0.3009895833333333 0.28729166666666667 0.04322916666666661 0.040868055555555574
1 0.2582291666666666 0.4029166666666667 0.04166666666666661 0.04079861111111107
1 0.2614583333333333 0.3077430555555556 0.04166666666666661 0.04079861111111107
1 0.30463541666666666 0.1741840277777778 0.04500000000000002 0.044062499999999984
1 0.34203125 0.26755208333333336 0.0416666666666667 0.04079861111111107
1 0.28312499999999996 0.47347222222222224 0.040000000000000036 0.03916666666666657
1 0.1546875 0.2969097222222222 0.04479166666666665 0.04093750000000007
1 0.14645833333333333 0.3736111111111111 0.04322916666666665 0.040868055555555574
1 0.2052083333333333 0.5906597222222223 0.04166666666666661 0.04079861111111107
1 0.16770833333333335 0.4170659722222222 0.043333333333333356 0.04243055555555557
1 0.06083333333333333 0.5363194444444443 0.04656249999999999 0.04413194444444457
0 0.4426562499999999 0.2420486111111111 0.04166666666666678 0.04079861111111107
1 0.07531249999999999 0.506076388888889 0.044895833333333336 0.04250000000000007