1 0.6344733796296296 0.5448611111111111 0.04281249999999996 0.044062500000000074
1 0.8381481481481483 0.4460243055555556 0.045983796296296474 0.04732638888888889
1 0.3325983796296296 0.3685590277777778 0.04281249999999996 0.044062500000000074
1 0.7796180555555555 0.49703125000000004 0.04281250000000014 0.044062500000000074
1 0.39321180555555557 0.38772569444444444 0.03964120370370363 0.04079861111111107
1 0.7495023148148148 0.31645833333333334 0.042789351851851974 0.04249999999999998
1 0.6808969907407407 0.15164930555555553 0.04281249999999996 0.044062499999999984
1 0.7919965277777778 0.24118055555555556 0.04437499999999996 0.04413194444444448
0 0.6802025462962963 0.3039236111111111 0.042789351851851974 0.04250000000000007
1 0.6418807870370371 0.2556597222222222 0.04122685185185197 0.04243055555555557
1 0.6051331018518519 0.5227430555555556 0.04281249999999996 0.044062500000000074
1 0.7530381944444444 0.23588541666666668 0.04437499999999996 0.04413194444444448
1 0.9296122685185185 0.33265625 0.04752314814814795 0.04583333333333339
1 0.7377314814814815 0.16239583333333335 0.04281249999999996 0.044062499999999984
1 0.5449016203703703 0.2669965277777778 0.04122685185185197 0.04243055555555557