1 0.25613425925925926 0.5236342592592592 0.03888888888888893 0.039444444444444574
1 0.2328125 0.477025462962963 0.04050925925925926 0.04108796296296298
1 0.2845775462962963 0.47423032407407406 0.03888888888888893 0.03944444444444439
1 0.3424479166666667 0.49679976851851854 0.03888888888888893 0.039444444444444574
1 0.3808449074074074 0.4956597222222222 0.03726851851851851 0.03780092592592599
1 0.31082175925925926 0.4842013888888889 0.03888888888888893 0.039444444444444574
1 0.2619212962962963 0.49418981481481483 0.03726851851851851 0.03780092592592599
0 0.2228877314814815 0.5336516203703704 0.040451388888888926 0.03952546296296298
1 0.24655671296296297 0.5708854166666667 0.040451388888888926 0.03952546296296298
1 0.2742476851851852 0.5629282407407408 0.03888888888888893 0.03944444444444439
1 0.29192708333333334 0.508269675925926 0.038831018518518515 0.03788194444444439
1 0.2954861111111111 0.5389814814814815 0.03570601851851851 0.0377199074074074
1 0.3245949074074074 0.5561458333333333 0.038831018518518515 0.03788194444444439
1 0.3916087962962963 0.5220486111111111 0.03726851851851851 0.03780092592592581
1 0.3257233796296296 0.5256770833333333 0.03726851851851851 0.03780092592592599