1 0.30914930555555553 0.36171875 0.0431597222222222 0.04375
1 0.5864583333333333 0.5390625 0.03993055555555554 0.0390625
1 0.5300520833333333 0.68671875 0.03993055555555554 0.0390625
1 0.7172569444444444 0.59453125 0.04152777777777779 0.040625
1 0.6840277777777778 0.2265625 0.04312500000000004 0.0421875
1 0.5525868055555556 0.65703125 0.03996527777777779 0.040625
1 0.46168402777777773 0.353125 0.03996527777777779 0.040625
1 0.479375 0.68203125 0.03996527777777779 0.040625
1 0.4740972222222222 0.4625 0.03673611111111121 0.0359375
1 0.3786979166666667 0.39609375 0.03993055555555554 0.0390625
1 0.49451388888888886 0.5984375 0.03833333333333329 0.0375
1 0.4063020833333333 0.7359375 0.04152777777777779 0.040625