1 0.4093576388888889 0.5647685185185185 0.03695601851851862 0.03543981481481495
1 0.5259953703703704 0.47065393518518517 0.03700231481481477 0.03700231481481477
1 0.4762673611111111 0.45200810185185186 0.03700231481481495 0.03700231481481477
1 0.3171643518518518 0.6408738425925926 0.040173611111111104 0.03865740740740744
1 0.34814814814814815 0.6855034722222222 0.03695601851851853 0.03543981481481477
1 0.3584143518518519 0.45241898148148146 0.038564814814814774 0.03704861111111111
0 0.7443287037037037 0.6738252314814815 0.04021990740740744 0.04021990740740726
1 0.42092592592592587 0.6127256944444445 0.03700231481481495 0.03700231481481477
1 0.3385821759259259 0.5470601851851852 0.036956018518518444 0.03543981481481495
1 0.20451388888888888 0.685150462962963 0.04334490740740744 0.04031249999999993
1 0.36851273148148145 0.6088310185185185 0.038564814814814774 0.03704861111111111
1 0.5284606481481482 0.5011689814814815 0.03539351851851844 0.035393518518518616
1 0.4797800925925927 0.54421875 0.035393518518518616 0.035393518518518616
1 0.3788831018518518 0.6427025462962963 0.038564814814814774 0.03704861111111111
1 0.7038888888888889 0.5734953703703703 0.038564814814814774 0.03704861111111111
1 0.3482291666666667 0.6355497685185185 0.03695601851851853 0.03543981481481495