1 0.5375 0.57890625 0.02890625 0.028125
0 0.32578125 0.56640625 0.03125 0.0296875
1 0.4046875 0.5796875 0.02890625 0.0296875
1 0.39921875 0.50546875 0.028125 0.028125
1 0.4203125 0.678125 0.02890625 0.03046875
1 0.5125 0.64609375 0.0296875 0.03046875
1 0.2359375 0.49375 0.03046875 0.0296875
1 0.36171875 0.69921875 0.03046875 0.03046875
1 0.35546875 0.61640625 0.028125 0.0296875
1 0.38359375 0.61796875 0.02890625 0.03046875
1 0.07578125 0.3359375 0.034375 0.0296875
1 0.59765625 0.7140625 0.028125 0.0296875
1 0.41171875 0.6109375 0.02890625 0.0296875
1 0.1171875 0.3640625 0.0328125 0.028125
1 0.71015625 0.59140625 0.0296875 0.0296875
1 0.09140625 0.4234375 0.03671875 0.03046875