1 0.64765625 0.6109375 0.02890625 0.028125
1 0.828125 0.63203125 0.03203125 0.02734375
1 0.3796875 0.38671875 0.0296875 0.03046875
1 0.309375 0.7203125 0.03046875 0.03203125
1 0.3171875 0.42578125 0.0296875 0.0296875
1 0.2890625 0.50859375 0.02890625 0.028125
1 0.2859375 0.35078125 0.03046875 0.03046875
1 0.73515625 0.34765625 0.03046875 0.03046875
1 0.5359375 0.28828125 0.028125 0.03046875
1 0.15390625 0.55546875 0.03359375 0.03125
0 0.384375 0.6765625 0.0296875 0.03046875
1 0.33359375 0.3390625 0.03046875 0.03125
1 0.115625 0.32578125 0.0328125 0.03125
1 0.0921875 0.721875 0.03515625 0.03203125
1 0.315625 0.521875 0.03046875 0.0296875
1 0.05546875 0.7015625 0.03671875 0.03203125