0 0.24551504629629628 0.5930729166666666 0.0453125 0.043483796296296263
1 0.27543402777777776 0.6088194444444445 0.042129629629629586 0.04182870370370377
1 0.04649884259259259 0.5394675925925926 0.046875 0.04353009259259259
1 0.27094907407407404 0.49762731481481487 0.042129629629629586 0.0418287037037036
1 0.19971064814814815 0.731712962962963 0.04525462962962967 0.04192129629629626
1 0.23110532407407408 0.6442650462962962 0.04207175925925925 0.040266203703703596
1 0.256712962962963 0.6708333333333334 0.04207175925925925 0.040266203703703596
1 0.19111689814814814 0.6681076388888889 0.0453125 0.043483796296296263
1 0.285792824074074 0.688119212962963 0.042129629629629586 0.0418287037037036
1 0.3395833333333333 0.5239062499999999 0.042129629629629586 0.0418287037037036
1 0.2596643518518518 0.6333796296296297 0.04369212962962958 0.041874999999999926
1 0.20951967592592596 0.6146874999999999 0.04369212962962958 0.041874999999999926
1 0.2398148148148148 0.7680960648148147 0.04369212962962958 0.041874999999999926
1 0.25089699074074073 0.5322280092592593 0.042129629629629586 0.0418287037037036
1 0.12025462962962963 0.6175173611111111 0.046932870370370375 0.045092592592592594
1 0.4811921296296296 0.7337962962962963 0.04537037037037024 0.045046296296296265