0 0.7625289351851852 0.5543402777777777 0.04027777777777786 0.03833333333333329
1 0.4658854166666666 0.5719270833333333 0.03692129629629619 0.03513888888888879
1 0.5522858796296296 0.4958506944444444 0.03692129629629619 0.03513888888888879
1 0.7169270833333333 0.5073090277777779 0.03859953703703702 0.03673611111111121
1 0.47230902777777783 0.5112326388888888 0.03692129629629619 0.03513888888888879
1 0.6032407407407407 0.4782638888888888 0.03692129629629637 0.03513888888888879
1 0.5849247685185185 0.5363541666666667 0.03859953703703702 0.03673611111111121
1 0.661892361111111 0.4803472222222222 0.03692129629629619 0.03513888888888879
1 0.539525462962963 0.544704861111111 0.03703703703703702 0.036701388888888783
1 0.6372974537037037 0.46420138888888884 0.03859953703703702 0.03673611111111121
1 0.41085069444444444 0.5449652777777778 0.03692129629629619 0.03513888888888879
1 0.6366030092592593 0.4969444444444445 0.03692129629629637 0.03513888888888879
1 0.4330439814814815 0.5813368055555556 0.03859953703703702 0.03673611111111121
1 0.687037037037037 0.5355034722222222 0.03859953703703702 0.03673611111111121
1 0.6102719907407408 0.5205381944444445 0.03859953703703702 0.03673611111111104
1 0.449681712962963 0.6058854166666666 0.03859953703703702 0.03673611111111121