1 0.6375289351851852 0.3386111111111111 0.03490740740740748 0.03746527777777775
1 0.5011168981481482 0.37668402777777776 0.03332175925925931 0.03583333333333334
1 0.4605960648148148 0.2660590277777778 0.03332175925925931 0.03583333333333334
1 0.43079282407407404 0.2751909722222222 0.033344907407407476 0.037395833333333336
1 0.5508217592592592 0.3416840277777778 0.03332175925925931 0.03583333333333334
1 0.8783854166666668 0.7338888888888888 0.04435185185185162 0.04256944444444457
1 0.7699189814814815 0.6247222222222222 0.03644675925925931 0.03597222222222207
0 0.2267361111111111 0.5052083333333334 0.03329861111111114 0.03427083333333343
1 0.09702546296296297 0.5125347222222223 0.03959490740740741 0.037673611111111074
1 0.23197337962962963 0.41519097222222223 0.03800925925925922 0.03604166666666657
1 0.9257175925925927 0.5428472222222223 0.041157407407407476 0.03774305555555557
1 0.7053703703703704 0.3441840277777778 0.03488425925925931 0.03590277777777775
1 0.2840625 0.5354513888888889 0.028611111111111143 0.034062499999999926