1 0.7880729166666667 0.41999421296296297 0.03822916666666672 0.03570601851851851
1 0.45703125 0.6865451388888889 0.03677083333333329 0.0372106481481481
1 0.34901041666666666 0.35674189814814816 0.036666666666666715 0.035648148148148096
1 0.3471354166666667 0.3848668981481481 0.035104166666666714 0.03559027777777777
1 0.7221875000000001 0.6681712962962963 0.03645833333333322 0.03252314814814809
1 0.58375 0.7358796296296296 0.03677083333333329 0.0372106481481481
1 0.8277083333333334 0.530324074074074 0.041458333333333285 0.037384259259259166
1 0.8415625 0.5809606481481481 0.041458333333333285 0.037384259259259166
1 0.7780729166666667 0.6522280092592593 0.03968750000000014 0.03420138888888893
1 0.8395833333333333 0.6341435185185185 0.04135416666666671 0.035821759259259164
1 0.866875 0.6476851851851853 0.03979166666666671 0.03576388888888893
1 0.8782291666666666 0.7005787037037037 0.04614583333333329 0.037557870370370415
1 0.6657291666666667 0.6574652777777777 0.03822916666666672 0.03570601851851851
1 0.9134895833333333 0.5828414351851852 0.04281250000000014 0.034317129629629586