1 0.86625 0.6537037037037037 0.04645833333333336 0.04321759259259252
1 0.8253125000000001 0.6912789351851851 0.04322916666666643 0.04146990740740737
1 0.7052604166666667 0.656712962962963 0.04166666666666661 0.04137731481481488
1 0.7344791666666667 0.5360879629629629 0.04166666666666661 0.04137731481481488
1 0.6696875 0.6373495370370371 0.04166666666666678 0.04137731481481488
1 0.7450520833333334 0.5775 0.04166666666666678 0.04137731481481488
1 0.8231249999999999 0.4652604166666666 0.04500000000000028 0.04468750000000003
1 0.7223958333333333 0.4938020833333333 0.04166666666666678 0.04137731481481488
1 0.5951562499999999 0.6611689814814815 0.039999999999999855 0.039722222222222214
1 0.8265104166666667 0.6497800925925926 0.04322916666666643 0.04146990740740737
1 0.7697395833333334 0.7013194444444444 0.04312500000000004 0.03990740740740737
1 0.5536458333333334 0.7896932870370371 0.04010416666666679 0.041284722222222216
1 0.7204166666666667 0.7117303240740741 0.04322916666666661 0.04146990740740737
1 0.69625 0.8624594907407406 0.04499999999999993 0.04468749999999986
0 0.67421875 0.40467013888888886 0.04010416666666661 0.041284722222222216
1 0.7107291666666666 0.8335127314814816 0.04489583333333336 0.04312499999999986