1 0.710787037037037 0.5966724537037037 0.042789351851851974 0.0421875
1 0.32839120370370367 0.42792245370370363 0.03964120370370372 0.04050925925925917
1 0.5147337962962963 0.55390625 0.03964120370370363 0.04050925925925917
1 0.37928240740740743 0.2751736111111111 0.0427893518518518 0.0421875
1 0.39998842592592593 0.5120370370370371 0.03961805555555564 0.03894675925925917
1 0.34642939814814816 0.5374710648148148 0.04122685185185189 0.042129629629629586
1 0.26720486111111114 0.36061921296296295 0.04281249999999996 0.04375
1 0.2711516203703704 0.41597222222222224 0.04120370370370372 0.040567129629629585
1 0.4255960648148148 0.39383680555555556 0.04122685185185197 0.042129629629629586
1 0.4219155092592592 0.3564525462962963 0.03964120370370381 0.04050925925925926
1 0.42771990740740745 0.4844328703703704 0.03964120370370381 0.04050925925925917
1 0.45987847222222217 0.4918402777777778 0.03805555555555564 0.03888888888888893
1 0.37340856481481477 0.4590856481481481 0.03964120370370363 0.04050925925925917
0 0.4296990740740741 0.30144675925925923 0.03964120370370381 0.04050925925925926
1 0.30736689814814816 0.222337962962963 0.04439814814814813 0.045370370370370415
1 0.32406828703703705 0.6109953703703704 0.03961805555555555 0.03894675925925917