1 0.5620659722222222 0.7672048611111111 0.04312500000000004 0.044062500000000074
1 0.28421875 0.5563368055555555 0.04149305555555553 0.040868055555555574
1 0.3795486111111111 0.41083333333333333 0.03833333333333329 0.03916666666666657
1 0.2761631944444444 0.42713541666666666 0.04152777777777779 0.04243055555555557
1 0.5314062500000001 0.5664236111111112 0.04152777777777779 0.04243055555555557
1 0.4921354166666667 0.5072916666666666 0.03993055555555571 0.04079861111111107
1 0.40342013888888884 0.4253819444444444 0.03993055555555554 0.04079861111111107
1 0.19583333333333333 0.45958333333333334 0.04468749999999999 0.04413194444444439
1 0.36355902777777777 0.4981770833333333 0.04152777777777779 0.04243055555555557
1 0.5498784722222222 0.4376041666666667 0.03833333333333329 0.03916666666666675
1 0.25421875 0.46635416666666674 0.03829861111111103 0.03760416666666657
1 0.38173611111111116 0.3475173611111111 0.03833333333333329 0.03916666666666675
1 0.5874305555555556 0.7496875000000001 0.04152777777777779 0.04243055555555557
1 0.5786979166666667 0.44022569444444437 0.03993055555555554 0.04079861111111107
0 0.3614409722222222 0.6637326388888889 0.03993055555555554 0.04079861111111107
1 0.31366319444444446 0.46059027777777783 0.03833333333333329 0.03916666666666657