0 0.8095833333333333 0.9037152777777777 0.048229166666666504 0.045763888888888715
1 0.6226041666666667 0.5877256944444444 0.041562499999999857 0.03923611111111107
1 0.6899479166666667 0.4995833333333334 0.04166666666666661 0.04079861111111107
1 0.7735937500000001 0.5508159722222222 0.04656249999999993 0.04413194444444457
1 0.5736979166666666 0.5201215277777778 0.043229166666666784 0.040868055555555574
1 0.5 0.6531597222222223 0.041770833333333354 0.04236111111111107
1 0.6997395833333334 0.5997222222222222 0.04166666666666678 0.04079861111111107
1 0.83984375 0.7266840277777777 0.04499999999999993 0.044062500000000074
1 0.3914583333333333 0.34532986111111114 0.043333333333333356 0.04243055555555557
1 0.45244791666666667 0.6409201388888889 0.041770833333333354 0.04236111111111107
1 0.7086458333333333 0.5346875 0.043333333333333356 0.04243055555555557
1 0.66734375 0.7914583333333334 0.039999999999999855 0.03916666666666675
1 0.7794270833333334 0.6967361111111112 0.04489583333333336 0.04250000000000007
1 0.7671354166666667 0.6175173611111111 0.04489583333333336 0.04250000000000007
1 0.6997916666666667 0.7056597222222223 0.04166666666666678 0.04079861111111107
1 0.3788541666666666 0.4951041666666667 0.043333333333333356 0.04243055555555557