1 0.4276041666666666 0.5279745370370371 0.03833333333333329 0.039444444444444574
1 0.45543402777777775 0.5046817129629629 0.03993055555555554 0.04108796296296298
1 0.40751736111111114 0.3081770833333334 0.03993055555555554 0.04108796296296298
1 0.4178645833333333 0.33417245370370374 0.03996527777777779 0.04265046296296297
1 0.38050347222222225 0.43521412037037044 0.04152777777777779 0.042731481481481384
1 0.43595486111111115 0.43311921296296296 0.03833333333333329 0.039444444444444574
1 0.43602430555555555 0.35976273148148147 0.03993055555555554 0.04108796296296298
1 0.4440277777777778 0.38587962962962963 0.03833333333333329 0.03944444444444448
1 0.4965972222222222 0.4432407407407407 0.03833333333333329 0.039444444444444574
1 0.3839236111111111 0.38665509259259256 0.03833333333333329 0.03944444444444448
1 0.3476736111111111 0.4025810185185185 0.03989583333333328 0.03952546296296298
1 0.5676736111111111 0.4052199074074074 0.03996527777777779 0.04265046296296297
0 0.3668576388888889 0.48742476851851857 0.03993055555555554 0.04108796296296298
1 0.4605034722222222 0.41701967592592587 0.03993055555555554 0.04108796296296298
1 0.33152777777777775 0.46194444444444444 0.03993055555555554 0.04108796296296298
1 0.47015624999999994 0.47426504629629634 0.03993055555555571 0.04108796296296298