1 0.28055555555555556 0.4842361111111111 0.036805555555555536 0.03459490740740741
1 0.2501157407407407 0.47561921296296295 0.03668981481481479 0.033032407407407406
1 0.21964699074074073 0.4136747685185185 0.03836805555555554 0.03467592592592581
1 0.08188657407407408 0.6396238425925926 0.04340277777777779 0.03960648148148156
1 0.29809027777777775 0.5092071759259259 0.03668981481481488 0.033032407407407406
1 0.19699074074074074 0.4571990740740741 0.03993055555555554 0.03475694444444457
1 0.23307291666666669 0.44670138888888894 0.03836805555555554 0.03467592592592581
1 0.21773726851851852 0.5361168981481482 0.03836805555555554 0.03467592592592581
1 0.09571759259259259 0.4451967592592593 0.0400462962962963 0.03631944444444439
0 0.2866898148148148 0.39765046296296297 0.03836805555555554 0.034675925925925985
1 0.1134837962962963 0.49446759259259265 0.04160879629629628 0.036400462962962975
1 0.258449074074074 0.5034201388888888 0.03501157407407405 0.031388888888889
1 0.08107638888888889 0.5016377314814815 0.036689814814814814 0.033032407407407406
1 0.13608217592592595 0.47133680555555557 0.04160879629629628 0.036400462962962975
1 0.09233217592592594 0.47360532407407413 0.0400462962962963 0.03631944444444457
1 0.12595486111111112 0.44049189814814815 0.038252314814814795 0.03311342592592581