1 0.940625 0.6359375 0.03515625 0.02890625
1 0.83515625 0.6015625 0.03203125 0.028125
1 0.80625 0.6296875 0.03203125 0.0296875
1 0.87734375 0.446875 0.0328125 0.02890625
1 0.82265625 0.4125 0.03359375 0.03125
1 0.9046875 0.66484375 0.0328125 0.028125
1 0.7671875 0.41015625 0.03125 0.0296875
0 0.7515625 0.478125 0.03046875 0.02890625
1 0.821875 0.37265625 0.03125 0.0296875
1 0.846875 0.4625 0.03359375 0.03046875
1 0.925 0.45546875 0.03515625 0.0296875
1 0.74296875 0.58515625 0.03046875 0.02890625
1 0.95234375 0.571875 0.03515625 0.02890625
1 0.87265625 0.49296875 0.0328125 0.028125
1 0.78984375 0.38984375 0.03125 0.0296875
1 0.78203125 0.4890625 0.03046875 0.028125