1 0.39394097222222224 0.55984375 0.03916666666666666 0.040000000000000036
1 0.4246180555555556 0.5977604166666667 0.04079861111111107 0.04166666666666661
0 0.41135416666666663 0.2640625 0.04243055555555557 0.043333333333333356
1 0.42027777777777775 0.5706249999999999 0.03923611111111107 0.04156250000000004
1 0.4457638888888889 0.5798958333333333 0.04079861111111107 0.04166666666666678
1 0.39112847222222225 0.5318229166666667 0.04079861111111107 0.04166666666666661
1 0.4181770833333333 0.5409895833333334 0.040868055555555574 0.043229166666666784
1 0.3691666666666667 0.5489583333333334 0.03916666666666666 0.039999999999999855
1 0.4421354166666667 0.5511458333333333 0.04079861111111107 0.04166666666666678
1 0.4684722222222222 0.5619270833333333 0.040868055555555574 0.043229166666666784
1 0.3711979166666667 0.5770312499999999 0.04079861111111107 0.04166666666666678
1 0.36553819444444446 0.5202083333333334 0.04079861111111107 0.04166666666666661
1 0.3779166666666667 0.6047916666666666 0.04079861111111107 0.04166666666666661
1 0.401875 0.6149479166666667 0.04243055555555557 0.043333333333333356
1 0.3799479166666667 0.6328645833333333 0.04243055555555557 0.043333333333333356
1 0.3983159722222222 0.5877604166666666 0.04079861111111107 0.04166666666666678