0 0.15784722222222222 0.640162037037037 0.03833333333333333 0.03944444444444439
1 0.5900000000000001 0.6570949074074074 0.03673611111111121 0.03780092592592581
1 0.6115625 0.5315046296296296 0.036701388888888783 0.03623842592592581
1 0.3473611111111111 0.3480787037037037 0.03673611111111112 0.03780092592592599
1 0.6014409722222223 0.45902199074074074 0.03673611111111121 0.03780092592592581
1 0.5551215277777779 0.43159143518518517 0.03517361111111121 0.0377199074074074
1 0.6586458333333333 0.7005439814814814 0.03833333333333329 0.03944444444444439
1 0.47159722222222217 0.6353125000000001 0.03517361111111121 0.0377199074074074
1 0.428107638888889 0.6213252314814814 0.03517361111111121 0.0377199074074074
1 0.34595486111111107 0.6225405092592593 0.03673611111111104 0.03780092592592599
1 0.3659548611111111 0.5320659722222223 0.035104166666666714 0.03459490740740741
1 0.039236111111111104 0.45177083333333334 0.043055555555555555 0.04124999999999997
1 0.4216493055555556 0.41919560185185184 0.03513888888888896 0.0361574074074074
1 0.38397569444444446 0.6010474537037037 0.03517361111111113 0.0377199074074074
1 0.05338541666666667 0.589380787037037 0.04468749999999999 0.04445601851851855
1 0.5296180555555555 0.3121643518518519 0.03517361111111121 0.0377199074074074