0 0.8185821759259259 0.8752604166666668 0.04405092592592581 0.04354166666666685
1 0.4859780092592592 0.6703645833333333 0.036215277777777645 0.03989583333333328
1 0.18894675925925924 0.5240625 0.03934027777777782 0.04010416666666679
1 0.45910879629629625 0.6271875 0.03620370370370374 0.03833333333333329
1 0.43830439814814814 0.66484375 0.03777777777777782 0.040000000000000036
1 0.6731076388888889 0.42203125 0.03778935185185191 0.041562499999999857
1 0.1311863425925926 0.4218229166666667 0.044050925925925896 0.0435416666666665
1 0.3974363425925926 0.4184895833333334 0.03620370370370374 0.03833333333333329
1 0.8266030092592593 0.6930729166666667 0.039340277777778 0.04010416666666661
1 0.350630787037037 0.53015625 0.03776620370370374 0.038437500000000034
1 0.5059837962962963 0.7357291666666667 0.036215277777777645 0.03989583333333328
1 0.378275462962963 0.3617708333333333 0.03620370370370374 0.03833333333333337
1 0.29108796296296297 0.2927083333333333 0.03621527777777782 0.03989583333333328
1 0.7103993055555555 0.6072395833333333 0.03777777777777782 0.040000000000000036
1 0.19512152777777778 0.40890624999999997 0.040902777777777774 0.04020833333333336
1 0.665619212962963 0.7815104166666667 0.0409143518518519 0.041770833333333354