1 0.8923900462962961 0.5234375 0.04585648148148138 0.040625
1 0.8618807870370372 0.52421875 0.04100694444444457 0.0375
1 0.832355324074074 0.52109375 0.04585648148148138 0.040625
1 0.791232638888889 0.7265625 0.04741898148148138 0.040625
1 0.8439699074074074 0.70390625 0.04585648148148138 0.040625
1 0.8777546296296297 0.5796875 0.04585648148148138 0.040625
1 0.8404050925925926 0.77265625 0.045937500000000145 0.0421875
1 0.7541087962962963 0.734375 0.04429398148148138 0.040625
0 0.805787037037037 0.77734375 0.04906250000000014 0.0421875
1 0.8140798611111112 0.7078125 0.04585648148148138 0.040625
1 0.9335127314814816 0.52890625 0.045937500000000145 0.0421875
1 0.8274074074074076 0.55625 0.045937500000000145 0.0421875
1 0.7274479166666666 0.76640625 0.04429398148148156 0.040625
1 0.7291145833333333 0.79453125 0.04585648148148138 0.040625
1 0.9013831018518518 0.5609375 0.045775462962962976 0.0390625
1 0.828287037037037 0.73515625 0.044212962962962975 0.0390625