1 0.5125 0.565625 0.0296875 0.02890625
0 0.50703125 0.65625 0.028125 0.02890625
1 0.48046875 0.4015625 0.02890625 0.0296875
1 0.48125 0.34765625 0.028125 0.0296875
1 0.4125 0.353125 0.03046875 0.03046875
1 0.58671875 0.4078125 0.0296875 0.02890625
1 0.465625 0.5578125 0.028125 0.028125
1 0.89765625 0.41796875 0.034375 0.02890625
1 0.53828125 0.4578125 0.028125 0.02734375
1 0.365625 0.375 0.02890625 0.028125
1 0.7859375 0.49765625 0.0328125 0.03125
1 0.3921875 0.69921875 0.028125 0.02890625
1 0.80546875 0.509375 0.01953125 0.0265625
1 0.1859375 0.28203125 0.0328125 0.03046875