1 0.75390625 0.409375 0.03125 0.02890625
1 0.6515625 0.31953125 0.0296875 0.0296875
1 0.06015625 0.68203125 0.03671875 0.03125
1 0.83671875 0.70234375 0.0328125 0.03125
1 0.27734375 0.46328125 0.0296875 0.02890625
1 0.3046875 0.4890625 0.028125 0.02890625
1 0.63671875 0.45390625 0.0296875 0.02890625
1 0.7828125 0.703125 0.03125 0.0296875
1 0.165625 0.675 0.03203125 0.03046875
1 0.1859375 0.5375 0.03359375 0.03046875
1 0.16953125 0.5609375 0.03359375 0.02890625
1 0.08125 0.65546875 0.03515625 0.03203125
1 0.92109375 0.70625 0.03515625 0.03125
1 0.246875 0.459375 0.01484375 0.0265625