1 0.64140625 0.67578125 0.0265625 0.02734375
1 0.46796875 0.628125 0.028125 0.02734375
1 0.6546875 0.4765625 0.02734375 0.0265625
1 0.6375 0.459375 0.028125 0.02734375
1 0.675 0.465625 0.02734375 0.0265625
1 0.7078125 0.48359375 0.028125 0.0265625
1 0.6828125 0.48828125 0.02578125 0.025
1 0.634375 0.490625 0.025 0.025
1 0.6984375 0.50703125 0.02578125 0.025
1 0.6625 0.50078125 0.0265625 0.02578125
1 0.6984375 0.4625 0.025 0.025
1 0.253125 0.39296875 0.0296875 0.028125
1 0.64921875 0.52265625 0.02578125 0.02578125
0 0.675 0.59375 0.0265625 0.0265625
1 0.234375 0.4109375 0.0296875 0.02734375
1 0.2515625 0.4328125 0.02890625 0.02734375