1 0.5516493055555556 0.8048148148148148 0.043634259259259164 0.04303240740740719
1 0.742824074074074 0.734537037037037 0.045196759259259166 0.04312499999999986
1 0.7558159722222222 0.8027893518518517 0.045196759259259166 0.04312499999999986
1 0.8538194444444445 0.6555844907407408 0.045196759259259166 0.04312500000000004
1 0.7679108796296296 0.7666261574074074 0.04675925925925917 0.04321759259259252
1 0.5299479166666666 0.7164293981481482 0.043634259259259164 0.043032407407407366
1 0.7522569444444445 0.5648206018518518 0.04184027777777786 0.03981481481481488
1 0.32934027777777775 0.4691377314814815 0.04184027777777777 0.03981481481481488
1 0.2634259259259259 0.4267824074074074 0.04351851851851851 0.04146990740740737
1 0.833738425925926 0.5029513888888889 0.04351851851851833 0.041469907407407545
1 0.8868634259259259 0.5060995370370371 0.046875 0.044780092592592524
1 0.90234375 0.6043171296296296 0.0484375 0.04487268518518519