0 0.21640625 0.7140625 0.03203125 0.03046875
1 0.34296875 0.55703125 0.03203125 0.03203125
1 0.23671875 0.51796875 0.034375 0.03046875
1 0.2390625 0.546875 0.03203125 0.03125
1 0.3171875 0.5484375 0.0296875 0.02890625
1 0.3 0.59453125 0.03046875 0.02890625
1 0.24921875 0.60390625 0.02890625 0.028125
1 0.2453125 0.575 0.0296875 0.02734375
1 0.25703125 0.63046875 0.0296875 0.03046875
1 0.2671875 0.55703125 0.034375 0.03125
1 0.32265625 0.57734375 0.03046875 0.02890625
1 0.26484375 0.5296875 0.02890625 0.0296875
1 0.290625 0.5375 0.0328125 0.03203125
1 0.29453125 0.565625 0.02890625 0.028125
1 0.27109375 0.5859375 0.0296875 0.02734375
1 0.27734375 0.61328125 0.03125 0.03125