1 0.284375 0.49375 0.02890625 0.02890625
1 0.27421875 0.6765625 0.03046875 0.03046875
1 0.15078125 0.53046875 0.03359375 0.03125
1 0.475 0.6375 0.02890625 0.03125
1 0.4703125 0.5359375 0.03125 0.03125
1 0.65625 0.40234375 0.02890625 0.02890625
1 0.7046875 0.45234375 0.03125 0.03046875
1 0.43671875 0.6921875 0.028125 0.03046875
0 0.10390625 0.70859375 0.0359375 0.0328125
1 0.69453125 0.41015625 0.0296875 0.02890625
1 0.63203125 0.4796875 0.03046875 0.03046875
1 0.61484375 0.45703125 0.03203125 0.03046875
1 0.5203125 0.65 0.0296875 0.03046875
1 0.64375 0.55390625 0.0296875 0.0296875
1 0.37578125 0.33046875 0.03125 0.03203125
1 0.7578125 0.33671875 0.03203125 0.03046875