1 0.6390625 0.5415451388888888 0.034375 0.036701388888888783
1 0.49453125 0.4781770833333333 0.0328125 0.03354166666666671
1 0.60546875 0.49861111111111106 0.034375 0.03513888888888879
1 0.54609375 0.5410416666666666 0.034375 0.03357638888888879
1 0.4859375 0.5037673611111112 0.034375 0.03513888888888879
1 0.4921875 0.43671875 0.0328125 0.035104166666666714
0 0.60625 0.5611284722222223 0.034375 0.03513888888888879
1 0.50390625 0.5260416666666666 0.0328125 0.03354166666666671
1 0.51796875 0.5513541666666667 0.034375 0.036701388888888783
1 0.56171875 0.577326388888889 0.034375 0.03513888888888879
1 0.5875 0.46227430555555554 0.0328125 0.035104166666666714