1 0.1854224537037037 0.5524479166666667 0.04790509259259261 0.0444212962962963
1 0.3771238425925926 0.6162789351851853 0.04146990740740737 0.04120370370370381
1 0.15581597222222224 0.3659085648148148 0.04459490740740737 0.04124999999999997
1 0.4522337962962963 0.47038773148148144 0.04137731481481488 0.03964120370370381
1 0.268431712962963 0.4184027777777778 0.043032407407407366 0.0412268518518518
1 0.6844733796296296 0.5230902777777777 0.04293981481481488 0.0396643518518518
1 0.5651273148148148 0.623755787037037 0.04303240740740755 0.0412268518518518
1 0.46704282407407405 0.3392418981481481 0.04303240740740755 0.0412268518518518
1 0.4295891203703704 0.3379050925925926 0.04137731481481488 0.03964120370370372
1 0.4413020833333333 0.2458101851851852 0.04468750000000003 0.04281249999999996
1 0.4104282407407408 0.6480497685185185 0.043032407407407366 0.04122685185185197
1 0.2846296296296297 0.26381944444444444 0.046342592592592526 0.04439814814814813
1 0.3940219907407408 0.22556134259259258 0.043032407407407366 0.04122685185185189
1 0.38907407407407407 0.2958622685185185 0.043032407407407366 0.0412268518518518
0 0.024207175925925927 0.49921296296296297 0.048414351851851854 0.04759259259259263
1 0.25014467592592593 0.30475115740740744 0.04799768518518519 0.0459837962962963