1 0.378125 0.6140625 0.028125 0.0296875
1 0.35546875 0.5796875 0.03046875 0.0296875
1 0.321875 0.553125 0.02890625 0.028125
1 0.28203125 0.48515625 0.0296875 0.02890625
0 0.365625 0.53984375 0.0296875 0.02890625
1 0.37734375 0.5078125 0.03046875 0.02890625
1 0.34453125 0.5203125 0.03046875 0.0296875
1 0.24765625 0.46953125 0.03046875 0.0296875
1 0.39765625 0.534375 0.028125 0.02890625
1 0.3109375 0.5265625 0.0296875 0.0296875
1 0.32421875 0.4484375 0.03046875 0.0296875
1 0.40234375 0.4671875 0.0296875 0.02890625
1 0.309375 0.4734375 0.03046875 0.02890625
1 0.38046875 0.43984375 0.03046875 0.03125
1 0.3484375 0.48125 0.02890625 0.02890625