1 0.32190393518518523 0.4768229166666666 0.03859953703703702 0.03833333333333329
1 0.4133391203703704 0.5355208333333333 0.03692129629629619 0.036666666666666715
1 0.4717881944444445 0.5095833333333333 0.03692129629629619 0.036666666666666715
1 0.6265914351851852 0.4335416666666667 0.03859953703703702 0.03833333333333329
1 0.6503761574074074 0.40921874999999996 0.03692129629629619 0.036666666666666715
1 0.753125 0.38937499999999997 0.040162037037037024 0.038437500000000034
1 0.386255787037037 0.4771875 0.03703703703703702 0.03822916666666672
1 0.5337962962962963 0.40380208333333334 0.03703703703703702 0.03822916666666672
1 0.7289641203703704 0.45057291666666666 0.03657407407407405 0.03197916666666671
1 0.7247106481481481 0.51859375 0.03657407407407405 0.03197916666666671
0 0.699392361111111 0.3622395833333333 0.04027777777777786 0.040000000000000036
1 0.781076388888889 0.52078125 0.04004629629629619 0.03687500000000003
1 0.7581018518518519 0.449375 0.0315393518518519 0.026979166666666644