1 0.32857060185185183 0.3988946759259259 0.03475694444444448 0.033784722222222285
0 0.2803298611111111 0.742951388888889 0.03631944444444439 0.03383101851851862
1 0.6022395833333334 0.41090277777777773 0.034756944444444396 0.033784722222222285
1 0.675162037037037 0.6017939814814814 0.0331018518518519 0.032175925925925955
1 0.6419270833333334 0.4752488425925926 0.0331018518518519 0.032175925925925955
1 0.5594097222222223 0.6225405092592593 0.0315393518518519 0.03212962962962962
1 0.5144212962962962 0.6266666666666667 0.03319444444444457 0.03373842592592595
1 0.4421469907407408 0.6572800925925926 0.0331018518518519 0.032175925925925955
1 0.7540740740740741 0.6173900462962963 0.03475694444444457 0.033784722222222285
1 0.5486979166666666 0.4022974537037037 0.0331018518518519 0.032175925925925955
1 0.4770543981481481 0.29879050925925926 0.03319444444444457 0.03373842592592595
1 0.09534722222222222 0.6087905092592593 0.039444444444444435 0.033923611111111106
1 0.46745370370370376 0.6237152777777778 0.03319444444444457 0.03373842592592595
1 0.42376157407407417 0.43914930555555554 0.02979166666666657 0.028958333333333287
1 0.16511574074074073 0.7332986111111112 0.03797453703703706 0.03543981481481495
1 0.4210127314814815 0.5638483796296296 0.03126157407407408 0.02744212962962962