1 0.15811342592592595 0.682511574074074 0.03619212962962966 0.03650462962962955
1 0.28019675925925924 0.4015914351851852 0.034629629629629656 0.03641203703703706
1 0.3008622685185185 0.4504513888888889 0.03304398148148149 0.033194444444444395
1 0.7020949074074074 0.5351388888888888 0.031481481481481485 0.0331018518518519
1 0.11776041666666667 0.611400462962963 0.03776620370370374 0.03815972222222221
1 0.42890625 0.44710648148148147 0.03149305555555557 0.034664351851851904
1 0.3090046296296296 0.4954456018518519 0.03461805555555557 0.03484953703703706
1 0.21819444444444444 0.4650752314814815 0.03619212962962966 0.03650462962962955
1 0.1094849537037037 0.44301504629629634 0.03619212962962961 0.03650462962962955
1 0.6708680555555555 0.5364120370370371 0.033055555555555574 0.03475694444444457
1 0.2348263888888889 0.6019386574074075 0.03775462962962965 0.03659722222222221
1 0.40953125 0.46704282407407405 0.033055555555555574 0.03475694444444457
0 0.37635995370370373 0.5220833333333333 0.033055555555555574 0.034756944444444396
1 0.206875 0.41286458333333337 0.03931712962962965 0.03668981481481488
1 0.6058217592592593 0.7160706018518519 0.03149305555555557 0.034664351851851904
1 0.16988425925925926 0.3739699074074074 0.03775462962962965 0.03659722222222221