1 0.30388310185185186 0.6604166666666667 0.034756944444444396 0.035243055555555534
1 0.4616203703703704 0.610619212962963 0.033194444444444395 0.03512731481481488
1 0.3708796296296296 0.4617766203703704 0.03144675925925924 0.031886574074074046
1 0.5361284722222223 0.6789930555555556 0.03319444444444457 0.03512731481481488
1 0.68265625 0.5164641203703704 0.034664351851851904 0.03368055555555553
1 0.3657465277777778 0.6402777777777777 0.033194444444444395 0.03512731481481488
1 0.5170428240740741 0.5022858796296296 0.02988425925925924 0.031770833333333214
1 0.7404861111111112 0.47251157407407407 0.034664351851851904 0.03368055555555553
1 0.7006886574074074 0.5796875 0.03631944444444439 0.035358796296296194
1 0.711111111111111 0.4956886574074074 0.03631944444444457 0.035358796296296194
1 0.7743402777777778 0.4 0.034664351851851904 0.03368055555555553
1 0.8924363425925925 0.31035879629629626 0.039444444444444574 0.03559027777777777
1 0.8127546296296296 0.40804398148148147 0.039444444444444574 0.03559027777777786
1 0.9396469907407408 0.2749710648148148 0.0409143518518519 0.03414351851851851
1 0.7689756944444445 0.3723958333333333 0.034664351851851904 0.03368055555555553
0 0.8244965277777776 0.3542824074074074 0.03631944444444457 0.03535879629629628