1 0.6610648148148148 0.39751157407407406 0.03700231481481477 0.03726851851851851
1 0.4857696759259259 0.30205439814814816 0.03700231481481495 0.03726851851851851
1 0.5243287037037037 0.4182002314814815 0.03539351851851844 0.035648148148148096
1 0.8984953703703704 0.8253761574074072 0.04499999999999993 0.04380787037037024
1 0.5996238425925926 0.40460069444444446 0.03700231481481495 0.03726851851851851
1 0.4555092592592592 0.307957175925926 0.03700231481481495 0.03726851851851851
1 0.7918287037037037 0.702025462962963 0.038564814814814774 0.03732638888888893
0 0.24845486111111112 0.5102141203703704 0.03539351851851853 0.035648148148148096
1 0.11938657407407408 0.4999710648148149 0.040173611111111104 0.03894675925925917
1 0.946869212962963 0.6406539351851852 0.041736111111111286 0.039004629629629584
1 0.3065277777777778 0.5474826388888889 0.029097222222222198 0.03385416666666678
1 0.3233564814814815 0.4833333333333333 0.03700231481481477 0.03726851851851851
1 0.7293576388888889 0.4109664351851852 0.03700231481481477 0.03726851851851851