1 0.5155671296296296 0.5707407407407408 0.040173611111111285 0.03807870370370381
1 0.5145486111111112 0.5363657407407407 0.04021990740740726 0.03964120370370381
1 0.6995254629629629 0.44843171296296297 0.04021990740740744 0.03964120370370363
1 0.6724363425925926 0.4574305555555556 0.04182870370370377 0.04122685185185197
1 0.6196296296296296 0.5480960648148148 0.0418287037037036 0.0412268518518518
1 0.5832002314814815 0.5056481481481482 0.03861111111111128 0.03805555555555564
1 0.640474537037037 0.4602488425925927 0.040266203703703596 0.04120370370370381
1 0.6141898148148148 0.47001736111111114 0.03865740740740744 0.03961805555555564
1 0.5328240740740741 0.46731481481481474 0.03865740740740744 0.03961805555555564
1 0.6545949074074074 0.5147511574074073 0.03861111111111111 0.03805555555555564
1 0.6674247685185185 0.5520775462962962 0.040173611111111104 0.03807870370370381
1 0.5133912037037037 0.39178819444444446 0.04182870370370377 0.0412268518518518
0 0.5896296296296296 0.5907465277777778 0.04021990740740744 0.03964120370370363
1 0.5784606481481481 0.4775810185185184 0.04021990740740744 0.03964120370370381
1 0.6329224537037037 0.6010474537037037 0.04021990740740744 0.03964120370370381
1 0.5277314814814815 0.5064699074074074 0.04021990740740726 0.03964120370370363