1 0.46262152777777776 0.3985706018518519 0.03777777777777782 0.03805555555555547
1 0.32273148148148145 0.40689236111111116 0.04092592592592599 0.04122685185185197
1 0.2571122685185185 0.828912037037037 0.045636574074074156 0.04442129629629647
0 0.20803240740740742 0.5999768518518518 0.045624999999999985 0.0428587962962963
1 0.4799652777777778 0.2717650462962963 0.0393518518518519 0.03964120370370372
1 0.8397627314814816 0.20940972222222226 0.04406249999999971 0.04283564814814813
1 0.14958912037037037 0.5805324074074074 0.044050925925925896 0.04127314814814831
1 0.243900462962963 0.6088194444444445 0.044062500000000074 0.04283564814814813
1 0.8753935185185184 0.25028356481481484 0.04562500000000007 0.0428587962962963
1 0.1745775462962963 0.6871817129629629 0.04719907407407407 0.04444444444444447
1 0.18032407407407408 0.7550578703703704 0.045624999999999985 0.0428587962962963
1 0.19780092592592594 0.7157407407407408 0.042465277777777775 0.038124999999999964
1 0.21210069444444443 0.6835011574074075 0.0424884259259259 0.04124999999999997