1 0.8125 0.51484375 0.03125 0.02890625
1 0.775 0.5484375 0.0296875 0.02734375
1 0.821875 0.48828125 0.03125 0.0296875
1 0.7828125 0.521875 0.03046875 0.028125
1 0.746875 0.55625 0.03046875 0.0265625
1 0.83203125 0.5359375 0.03046875 0.0296875
1 0.8015625 0.46875 0.03125 0.02890625
1 0.7625 0.503125 0.0328125 0.02890625
1 0.7546875 0.5296875 0.03125 0.02890625
1 0.7921875 0.49453125 0.0296875 0.028125
1 0.803125 0.5421875 0.0328125 0.02890625
1 0.859375 0.5296875 0.03125 0.028125
1 0.78125 0.44765625 0.03203125 0.0296875
1 0.77109375 0.475 0.03046875 0.02890625
1 0.840625 0.50859375 0.02890625 0.0265625
0 0.11875 0.4015625 0.0359375 0.03203125