1 0.98125 0.5194618055555555 0.0375 0.04614583333333329
1 0.74375 0.4376215277777778 0.040625 0.03996527777777779
1 0.83671875 0.5021875 0.0421875 0.039999999999999855
1 0.78515625 0.4354166666666667 0.040625 0.03996527777777779
1 0.93828125 0.39585069444444443 0.0421875 0.04156250000000004
1 0.853125 0.3822395833333333 0.04375 0.041597222222222285
1 0.884375 0.5579340277777778 0.04375 0.04315972222222229
1 0.7359375 0.4671354166666667 0.0390625 0.03836805555555571
1 0.896875 0.4597743055555556 0.04375 0.04315972222222229
1 0.91640625 0.36802083333333335 0.046875 0.044791666666666695
1 0.771875 0.46324652777777775 0.0390625 0.03993055555555554
1 0.9140625 0.415625 0.04375 0.04315972222222229
1 0.91015625 0.3389756944444445 0.0421875 0.04156250000000004
0 0.7625 0.39585069444444443 0.04375 0.04315972222222229
1 0.321875 0.4680902777777778 0.0390625 0.03993055555555554
1 0.8859375 0.35875 0.046875 0.046354166666666606