1 0.3149884259259259 0.5887268518518518 0.04195601851851851 0.04021990740740744
1 0.28776041666666663 0.5863541666666666 0.04195601851851851 0.04021990740740744
1 0.29913194444444446 0.6125289351851851 0.04351851851851851 0.040266203703703596
1 0.22485532407407405 0.6322511574074074 0.04195601851851851 0.04021990740740744
1 0.2118634259259259 0.6068113425925926 0.04351851851851851 0.040266203703703776
1 0.2824363425925926 0.6370891203703704 0.045196759259259256 0.041874999999999926
1 0.2665798611111111 0.6608912037037037 0.043634259259259255 0.0418287037037036
1 0.2484375 0.6838425925925925 0.045196759259259256 0.041874999999999926
1 0.2710648148148148 0.6109143518518518 0.04184027777777786 0.03865740740740744
1 0.20127314814814815 0.5806597222222223 0.043634259259259255 0.0418287037037036
1 0.2582465277777778 0.583130787037037 0.04351851851851851 0.040266203703703596
1 0.24155092592592592 0.6076909722222222 0.04351851851851851 0.040266203703703776
1 0.2528645833333333 0.6346469907407407 0.04195601851851851 0.04021990740740726
1 0.2292824074074074 0.5830555555555555 0.045196759259259256 0.041874999999999926
0 0.7122974537037037 0.47835648148148147 0.046875 0.043483796296296263
1 0.23628472222222224 0.6576446759259259 0.04351851851851851 0.040266203703703596