0 0.80828125 0.4525462962962964 0.041562499999999857 0.03807870370370381
1 0.26260416666666664 0.5372685185185185 0.03822916666666672 0.03490740740740748
1 0.290625 0.5470196759259259 0.03979166666666671 0.034930555555555645
1 0.30552083333333335 0.5006597222222222 0.03822916666666663 0.03490740740740748
1 0.24937500000000004 0.47959490740740734 0.040000000000000036 0.03805555555555564
1 0.2979166666666667 0.5742824074074073 0.03989583333333328 0.03649305555555564
1 0.31286458333333333 0.5287037037037037 0.03656249999999996 0.03332175925925931
1 0.2789583333333333 0.5948958333333334 0.03979166666666663 0.034930555555555645
1 0.3394270833333334 0.5400405092592593 0.03989583333333328 0.03649305555555564
1 0.27739583333333334 0.4893460648148148 0.03979166666666663 0.034930555555555645
1 0.28401041666666665 0.5181828703703704 0.036666666666666715 0.03488425925925931
1 0.36072916666666666 0.5193923611111112 0.03989583333333328 0.03649305555555564
1 0.3186979166666667 0.5575520833333334 0.03979166666666663 0.034930555555555645
1 0.33276041666666667 0.5104224537037038 0.03833333333333337 0.03646990740740748
1 0.25515625000000003 0.507662037037037 0.041458333333333285 0.03651620370370381
1 0.26916666666666667 0.565324074074074 0.03989583333333328 0.03649305555555564