1 0.33264467592592595 0.5686979166666667 0.04437499999999996 0.044375000000000143
1 0.27574074074074073 0.6194328703703704 0.04429398148148147 0.04281249999999996
1 0.2618229166666667 0.5927372685185185 0.04273148148148147 0.042731481481481384
1 0.2328761574074074 0.5934548611111111 0.04585648148148147 0.042893518518518546
1 0.27590856481481485 0.6679918981481482 0.04437499999999996 0.04437499999999996
1 0.30464699074074075 0.6179340277777777 0.04429398148148147 0.04281250000000014
1 0.2754108796296296 0.5677488425925926 0.04437499999999996 0.04437499999999996
1 0.3052199074074074 0.5685532407407408 0.04437499999999996 0.04437499999999996
1 0.3182349537037037 0.5929456018518519 0.04273148148148147 0.042731481481481384
1 0.21825810185185185 0.5683622685185185 0.04429398148148147 0.04281250000000014
1 0.24724537037037037 0.5684259259259259 0.04273148148148147 0.042731481481481384
1 0.24823495370370371 0.6177256944444445 0.04265046296296297 0.04116898148148138
1 0.2612905092592593 0.6428993055555556 0.04108796296296298 0.04108796296296298
1 0.29105902777777776 0.6429224537037037 0.04429398148148147 0.04281250000000014
1 0.29006944444444444 0.5936226851851852 0.04265046296296297 0.04116898148148138
0 0.7195833333333332 0.3715972222222222 0.044375000000000143 0.04437499999999996