1 0.6401967592592592 0.6428298611111112 0.02833333333333332 0.02979166666666657
1 0.46792245370370367 0.5991087962962963 0.029895833333333323 0.02988425925925924
1 0.6590393518518518 0.4431886574074074 0.02833333333333332 0.02979166666666657
1 0.6425 0.4261921296296297 0.029895833333333323 0.02988425925925924
1 0.6792766203703704 0.43182870370370363 0.02833333333333332 0.02979166666666657
1 0.7122280092592592 0.44863425925925926 0.029895833333333323 0.02988425925925924
1 0.6864756944444445 0.45406828703703705 0.02675925925925924 0.028136574074074085
1 0.6380439814814814 0.4577199074074074 0.02675925925925924 0.028136574074074085
1 0.7022453703703704 0.4726736111111111 0.02675925925925924 0.028136574074074085
1 0.66625 0.46699074074074076 0.028321759259259238 0.028229166666666573
1 0.7034780092592593 0.42804976851851856 0.02675925925925924 0.028136574074074085
1 0.2598784722222222 0.3691435185185185 0.031469907407407405 0.03153935185185182
1 0.652349537037037 0.48969907407407404 0.02675925925925924 0.028136574074074085
0 0.6763194444444445 0.5601851851851851 0.02833333333333332 0.02979166666666657
1 0.24047453703703706 0.3874884259259259 0.031458333333333324 0.029976851851851904
1 0.2570486111111111 0.4091724537037037 0.029895833333333323 0.02988425925925924