1 0.45052083333333337 0.4814814814814815 0.03270833333333343 0.03373842592592595
1 0.5031076388888889 0.4885011574074074 0.03590277777777775 0.03539351851851844
1 0.5125520833333332 0.5605613425925926 0.03427083333333343 0.033784722222222285
1 0.4331423611111111 0.5644502314814815 0.03590277777777775 0.035393518518518616
1 0.4973784722222222 0.535144675925926 0.03427083333333343 0.033784722222222285
1 0.4765625 0.47054976851851843 0.03590277777777775 0.035393518518518616
1 0.4534027777777778 0.5112152777777779 0.03434027777777793 0.03534722222222229
1 0.43871527777777775 0.4265162037037037 0.03434027777777775 0.03534722222222229
1 0.4183506944444444 0.512517361111111 0.03590277777777793 0.035393518518518616
1 0.4796875 0.5057523148148148 0.03590277777777775 0.035393518518518616
1 0.4217534722222222 0.48375 0.03590277777777775 0.035393518518518616
1 0.33526041666666667 0.5740335648148148 0.03746527777777775 0.03543981481481495
1 0.44052083333333325 0.5373611111111112 0.03427083333333343 0.033784722222222285
1 0.49079861111111106 0.5802025462962963 0.03427083333333343 0.033784722222222285
0 0.5063020833333333 0.4550462962962962 0.03427083333333343 0.033784722222222285
1 0.46624999999999994 0.5545081018518518 0.03746527777777793 0.03543981481481495