1 0.25581597222222224 0.625173611111111 0.03354166666666671 0.033784722222222285
1 0.16461805555555556 0.6482696759259259 0.035069444444444466 0.03226851851851862
1 0.19609375 0.67421875 0.036701388888888874 0.03543981481481477
1 0.06352430555555555 0.6945254629629629 0.039826388888888876 0.03553240740740744
1 0.5926388888888889 0.4545659722222222 0.035104166666666714 0.03383101851851862
0 0.8588194444444444 0.542974537037037 0.03986111111111086 0.03709490740740744
1 0.2864409722222222 0.4431481481481482 0.033506944444444464 0.032222222222222284
1 0.10364583333333333 0.7183854166666667 0.03666666666666667 0.03387731481481478
1 0.5096875000000001 0.5990798611111112 0.03513888888888879 0.035393518518518616
1 0.5214930555555556 0.48998263888888893 0.03197916666666671 0.03373842592592595
1 0.6039756944444445 0.3313831018518519 0.03357638888888879 0.03534722222222229
1 0.046163194444444444 0.6314699074074074 0.0398263888888889 0.03553240740740744
1 0.6071180555555555 0.3658738425925926 0.03357638888888879 0.03534722222222229
1 0.5557986111111111 0.5644849537037038 0.033506944444444464 0.032222222222222284
1 0.6153125 0.48963541666666666 0.03354166666666671 0.033784722222222285
1 0.5400173611111111 0.4655150462962963 0.03513888888888879 0.03539351851851844