1 0.43145833333333333 0.5705439814814814 0.03499999999999996 0.035243055555555534
1 0.12020833333333333 0.5757523148148149 0.039687499999999966 0.03559027777777786
1 0.7033854166666667 0.5310185185185186 0.03822916666666672 0.03703703703703702
1 0.24354166666666668 0.6217881944444444 0.036666666666666715 0.03692129629629619
1 0.35828125 0.6671875 0.03822916666666672 0.03703703703703702
1 0.390625 0.6177662037037036 0.036666666666666715 0.03692129629629619
1 0.5115104166666666 0.59453125 0.036666666666666715 0.03692129629629637
1 0.32635416666666667 0.47482638888888895 0.036666666666666715 0.03692129629629619
1 0.19864583333333333 0.4119791666666666 0.040000000000000036 0.04027777777777786
1 0.399375 0.5807291666666666 0.036666666666666625 0.03692129629629619
1 0.3486979166666667 0.5047453703703704 0.03833333333333329 0.03859953703703702
1 0.16291666666666665 0.6535011574074074 0.03979166666666667 0.037152777777777854
1 0.3056770833333333 0.631886574074074 0.03656249999999996 0.035358796296296194
1 0.37776041666666665 0.7400752314814815 0.036666666666666715 0.03692129629629637
1 0.024739583333333336 0.4650462962962963 0.04479166666666667 0.0421875
0 0.2653125 0.4129918981481482 0.03822916666666672 0.03703703703703702