1 0.515625 0.4546875 0.02734375 0.028125
1 0.5921875 0.6234375 0.02890625 0.0296875
1 0.65703125 0.565625 0.02890625 0.02890625
1 0.5828125 0.509375 0.02890625 0.02890625
1 0.546875 0.50078125 0.02734375 0.028125
1 0.73359375 0.5828125 0.03125 0.0296875
1 0.584375 0.5515625 0.02890625 0.03046875
1 0.559375 0.5328125 0.03125 0.0296875
1 0.6140625 0.6609375 0.0296875 0.03046875
1 0.525 0.41640625 0.0296875 0.02890625
1 0.6140625 0.55078125 0.0296875 0.02890625
1 0.66640625 0.63125 0.0296875 0.028125
1 0.48359375 0.42890625 0.03125 0.02890625
0 0.5015625 0.52578125 0.02890625 0.028125
1 0.5625 0.4625 0.0296875 0.0296875
1 0.5765625 0.5859375 0.028125 0.02890625