1 0.25625 0.475 0.03046875 0.02890625
1 0.2328125 0.51875 0.03203125 0.02890625
1 0.184375 0.54765625 0.03203125 0.02734375
1 0.20703125 0.50390625 0.03125 0.02890625
1 0.20625 0.475 0.03125 0.02890625
1 0.209375 0.44765625 0.03125 0.02890625
1 0.2296875 0.490625 0.03125 0.028125
1 0.18203125 0.51953125 0.03125 0.028125
1 0.18046875 0.46171875 0.03125 0.028125
1 0.1828125 0.4328125 0.03203125 0.0296875
1 0.25625 0.503125 0.03203125 0.0296875
1 0.18046875 0.490625 0.03125 0.028125
1 0.2828125 0.48984375 0.03203125 0.0296875
1 0.23359375 0.4609375 0.02890625 0.028125
1 0.20859375 0.53203125 0.03359375 0.0296875
0 0.21640625 0.7140625 0.03203125 0.03046875