0 0.49390625000000005 0.5824479166666666 0.04021990740740726 0.04166666666666678
1 0.37493055555555554 0.66140625 0.03861111111111111 0.040000000000000036
1 0.6137789351851852 0.7109895833333333 0.040266203703703596 0.043229166666666784
1 0.21617476851851852 0.5506249999999999 0.04178240740740744 0.041770833333333354
1 0.2772511574074074 0.55 0.04021990740740744 0.04166666666666661
1 0.26751157407407405 0.8522916666666667 0.04499999999999993 0.045104166666666855
1 0.5075636574074075 0.7555729166666667 0.0418287037037036 0.043333333333333356
1 0.49688078703703703 0.5348958333333333 0.04182870370370377 0.043333333333333356
1 0.5518287037037037 0.5033333333333333 0.04021990740740726 0.04166666666666661
1 0.34081018518518513 0.54484375 0.04178240740740744 0.041770833333333354
1 0.3158622685185185 0.83203125 0.04182870370370369 0.043333333333333356
1 0.13181712962962963 0.5708333333333334 0.04339120370370368 0.04343749999999993
1 0.35252314814814817 0.78359375 0.04500000000000002 0.0451041666666665
1 0.19280092592592593 0.8903645833333332 0.04660879629629635 0.04677083333333343
1 0.4047280092592593 0.6860937500000001 0.040173611111111104 0.04010416666666679