1 0.27421875 0.67578125 0.034375 0.03203125
1 0.475 0.63828125 0.02890625 0.03046875
1 0.15078125 0.53125 0.03203125 0.02890625
1 0.46484375 0.47734375 0.028125 0.02890625
1 0.2765625 0.52109375 0.03046875 0.0296875
1 0.6953125 0.41015625 0.03046875 0.02890625
1 0.64375 0.55390625 0.0296875 0.0296875
1 0.409375 0.3578125 0.0296875 0.03046875
1 0.37578125 0.375 0.0296875 0.02890625
1 0.33828125 0.290625 0.03046875 0.03125
1 0.52109375 0.64921875 0.02890625 0.03125
1 0.21015625 0.38125 0.0328125 0.03125
1 0.28671875 0.29609375 0.0296875 0.03046875
1 0.31875 0.35859375 0.03046875 0.03046875
0 0.10390625 0.70859375 0.03671875 0.0328125
1 0.2015625 0.4328125 0.034375 0.0328125