1 0.5502025462962963 0.5595023148148147 0.034756944444444396 0.034513888888889
1 0.6079918981481482 0.2940335648148148 0.03475694444444457 0.03451388888888891
1 0.5661342592592593 0.5929456018518519 0.03475694444444457 0.034513888888889
1 0.7517708333333333 0.4306655092592592 0.036226851851851906 0.033032407407407406
1 0.6824652777777778 0.33846064814814814 0.034756944444444396 0.03451388888888891
1 0.7772222222222223 0.2377488425925926 0.03806712962962955 0.03780092592592599
1 0.7923437499999999 0.3374363425925926 0.03788194444444439 0.0346759259259259
1 0.422355324074074 0.35116898148148146 0.03319444444444457 0.03443287037037033
1 0.718599537037037 0.5172800925925926 0.03631944444444457 0.03459490740740741
0 0.7102951388888888 0.381412037037037 0.034664351851851904 0.03295138888888891
1 0.7143344907407407 0.6023958333333332 0.03475694444444457 0.034513888888889
1 0.6331423611111111 0.47420138888888885 0.036226851851851906 0.033032407407407406
1 0.37660300925925927 0.3083680555555556 0.033194444444444395 0.03443287037037042
1 0.9163946759259259 0.5046875 0.04109953703703688 0.036400462962962975
1 0.7508506944444445 0.3279050925925926 0.036226851851851906 0.033032407407407406