1 0.5129976851851852 0.2617766203703703 0.03861111111111111 0.03888888888888893
1 0.3498553240740741 0.3780960648148148 0.03861111111111111 0.03888888888888893
1 0.4900231481481481 0.38385416666666666 0.03861111111111111 0.03888888888888884
1 0.19661458333333334 0.8021990740740741 0.04495370370370368 0.04224537037037024
1 0.24950810185185185 0.7924189814814815 0.04495370370370368 0.04224537037037024
1 0.20451967592592593 0.6994502314814814 0.040173611111111104 0.03894675925925917
1 0.28402777777777777 0.40008680555555554 0.03861111111111111 0.03888888888888893
0 0.7788946759259259 0.4458912037037037 0.03700231481481477 0.03726851851851851
1 0.9072222222222223 0.4215856481481482 0.04334490740740762 0.040625
1 0.6271585648148148 0.28726851851851853 0.038564814814814954 0.03732638888888893
1 0.3689178240740741 0.7574942129629629 0.0482175925925926 0.04704861111111107
1 0.12248842592592593 0.702488425925926 0.05125000000000002 0.044039351851851906
1 0.7277777777777779 0.4892361111111111 0.03226851851851862 0.03553240740740726