1 0.1203125 0.38203125 0.03125 0.02734375
1 0.096875 0.39140625 0.03125 0.02890625
1 0.11328125 0.48828125 0.03359375 0.02890625
1 0.39296875 0.37578125 0.028125 0.028125
1 0.52578125 0.41015625 0.0265625 0.02734375
1 0.6375 0.4109375 0.02734375 0.0265625
1 0.62890625 0.48828125 0.02578125 0.02578125
1 0.42265625 0.471875 0.028125 0.02421875
1 0.59375 0.48671875 0.02421875 0.025
1 0.671875 0.5515625 0.02578125 0.02578125
1 0.68203125 0.52578125 0.0265625 0.02578125
1 0.6953125 0.5609375 0.02578125 0.025
1 0.6578125 0.46015625 0.025 0.02421875
0 0.78046875 0.6578125 0.02734375 0.02578125
1 0.615625 0.4640625 0.025 0.025