1 0.84296875 0.4288078703703704 0.0453125 0.044780092592592524
1 0.6885706018518519 0.4695486111111111 0.04212962962962976 0.043032407407407366
1 0.23888888888888887 0.4935706018518518 0.04375 0.04468749999999986
1 0.32225115740740745 0.4501793981481482 0.040567129629629585 0.04293981481481488
1 0.4497685185185185 0.6939351851851852 0.04050925925925917 0.04137731481481488
0 0.7088831018518519 0.6391319444444445 0.04050925925925917 0.04137731481481488
1 0.45688657407407407 0.5072685185185185 0.04212962962962976 0.043032407407407366
1 0.457349537037037 0.4776736111111111 0.03888888888888893 0.039722222222222214
1 0.7963831018518518 0.6443171296296295 0.04542824074074066 0.04790509259259253
1 0.36626157407407406 0.37561342592592595 0.043807870370370414 0.046250000000000034
1 0.500173611111111 0.49736111111111114 0.04050925925925917 0.04137731481481488
1 0.48958333333333337 0.4639930555555556 0.03888888888888893 0.039722222222222214
1 0.9794849537037038 0.5532233796296296 0.04103009259259238 0.04643518518518519
1 0.703298611111111 0.446255787037037 0.04212962962962976 0.04303240740740755
1 0.9885416666666668 0.5174768518518519 0.02291666666666643 0.04918981481481488
1 0.3059895833333333 0.7898726851851852 0.04369212962962958 0.04312500000000004