1 0.48739583333333336 0.5745949074074075 0.03513888888888896 0.03488425925925931
0 0.5081076388888889 0.6624305555555555 0.03357638888888879 0.03486111111111114
1 0.49111111111111116 0.40740740740740744 0.03513888888888879 0.03488425925925931
1 0.48135416666666664 0.35412037037037036 0.03357638888888896 0.03486111111111114
1 0.5502777777777779 0.3473263888888889 0.03673611111111121 0.03646990740740739
1 0.3881944444444444 0.43167245370370366 0.03513888888888887 0.03488425925925931
1 0.5323090277777778 0.5580671296296297 0.03354166666666671 0.03329861111111114
1 0.08274305555555556 0.49670138888888893 0.0398263888888889 0.034953703703703806
1 0.44434027777777774 0.4723611111111111 0.03354166666666671 0.03329861111111114
1 0.6 0.3605671296296296 0.035104166666666714 0.03332175925925931
1 0.20647569444444444 0.5555844907407407 0.03833333333333329 0.03805555555555564
1 0.6287499999999999 0.6845370370370369 0.03357638888888879 0.03486111111111114
1 0.18895833333333334 0.5701736111111112 0.025659722222222216 0.03005787037037031
1 0.7613888888888889 0.23713541666666668 0.03829861111111103 0.036493055555555556