1 0.5054166666666667 0.5953125 0.030381944444444288 0.03125
1 0.4690625 0.54140625 0.03354166666666671 0.0328125
1 0.4884722222222223 0.57109375 0.032013888888888786 0.034375
1 0.4686631944444445 0.59375 0.03197916666666671 0.0328125
1 0.4615972222222222 0.62734375 0.030381944444444465 0.03125
1 0.43486111111111114 0.584375 0.03194444444444446 0.03125
1 0.4483680555555555 0.559375 0.03197916666666671 0.0328125
1 0.4283854166666667 0.5390625 0.031909722222222214 0.0296875
1 0.47861111111111115 0.5140625 0.030381944444444465 0.03125
1 0.43107638888888894 0.484375 0.030381944444444288 0.03125
1 0.3988888888888889 0.47734375 0.030347222222222213 0.0296875
1 0.45739583333333333 0.4734375 0.028784722222222215 0.0296875
0 0.43157986111111113 0.6125 0.030347222222222213 0.0296875
1 0.4191493055555555 0.51015625 0.030347222222222213 0.0296875
1 0.39253472222222224 0.4375 0.028784722222222215 0.0296875