1 0.7318229166666667 0.46697337962962965 0.041770833333333354 0.04120370370370363
1 0.66328125 0.43592592592592594 0.040000000000000036 0.03805555555555564
1 0.678125 0.41224537037037035 0.040000000000000036 0.03805555555555564
1 0.6639062499999999 0.3866493055555556 0.043229166666666784 0.0396643518518518
1 0.6767708333333333 0.46231481481481485 0.04156250000000004 0.03807870370370381
1 0.69296875 0.3885648148148148 0.040000000000000036 0.03805555555555555
1 0.6356770833333333 0.43242476851851847 0.040000000000000036 0.03805555555555564
1 0.7207291666666666 0.4413310185185185 0.040000000000000036 0.03805555555555564
1 0.6497916666666667 0.409537037037037 0.03833333333333329 0.03646990740740748
1 0.69078125 0.43786458333333333 0.041562499999999857 0.03807870370370381
1 0.6483854166666667 0.45882523148148147 0.039999999999999855 0.03805555555555564
1 0.7064583333333333 0.4149537037037037 0.040000000000000036 0.03805555555555564
1 0.6795833333333333 0.3637384259259259 0.040000000000000036 0.03805555555555555
1 0.61921875 0.45534722222222224 0.038437500000000034 0.03803240740740747
0 0.29604166666666665 0.5813483796296296 0.0416666666666667 0.03964120370370381
1 0.70515625 0.4658043981481482 0.040000000000000036 0.03805555555555564