1 0.625 0.6810185185185185 0.0296875 0.03212962962962962
1 0.5296875 0.4742881944444445 0.028125 0.030520833333333285
1 0.5578125 0.3235590277777778 0.0296875 0.03212962962962962
1 0.7703125 0.4329803240740741 0.03125 0.030613425925925954
1 0.74609375 0.5947627314814815 0.0296875 0.030567129629629618
1 0.5578125 0.6548090277777778 0.0296875 0.030567129629629618
1 0.3328125 0.6332986111111112 0.0296875 0.030567129629629618
1 0.9546875 0.532974537037037 0.0359375 0.03231481481481495
1 0.58203125 0.39380787037037035 0.028125 0.030520833333333375
1 0.52421875 0.6350636574074074 0.028125 0.030520833333333285
1 0.86484375 0.47953124999999996 0.0328125 0.030659722222222286
0 0.6890625 0.6305729166666667 0.0296875 0.030567129629629618
1 0.30703125 0.37862847222222223 0.03125 0.030613425925925954
1 0.44453125 0.3155150462962963 0.028125 0.033645833333333285
1 0.47578125 0.36019097222222224 0.0296875 0.030567129629629618
1 0.64296875 0.4135821759259259 0.0328125 0.03534722222222229