1 0.59703125 0.3625810185185185 0.03780092592592581 0.03700231481481477
1 0.5890277777777777 0.4496701388888889 0.03623842592592581 0.036956018518518444
1 0.5582465277777777 0.4294560185185185 0.0361574074074074 0.035393518518518616
1 0.6203182870370371 0.4495254629629629 0.036238425925925986 0.03695601851851862
1 0.5169849537037037 0.5089236111111111 0.032951388888889 0.03373842592592595
1 0.4379340277777778 0.5386516203703703 0.03451388888888882 0.033784722222222285
1 0.5285590277777777 0.5359664351851852 0.03295138888888882 0.03373842592592595
1 0.5280266203703704 0.4804282407407408 0.03295138888888882 0.03373842592592595
1 0.4918171296296297 0.5667881944444444 0.034513888888889 0.033784722222222285
1 0.5520659722222222 0.5517013888888889 0.031388888888889 0.03369212962962962
1 0.5495138888888889 0.5024826388888889 0.032951388888889 0.03373842592592595
1 0.5721412037037037 0.48616319444444445 0.03459490740740741 0.03534722222222229
1 0.4852662037037037 0.5309895833333333 0.0361574074074074 0.035393518518518616
1 0.5125925925925926 0.605295138888889 0.0361574074074074 0.035393518518518616
0 0.5490798611111112 0.5846527777777778 0.032951388888889 0.03373842592592595