1 0.4609375 0.3515625 0.03046875 0.0328125
1 0.51953125 0.46875 0.0296875 0.03125
1 0.42109375 0.49140625 0.03203125 0.03046875
1 0.4140625 0.4359375 0.03203125 0.03046875
1 0.4390625 0.4515625 0.03125 0.03046875
1 0.428125 0.65234375 0.03046875 0.03125
1 0.7296875 0.52265625 0.03125 0.0296875
1 0.6484375 0.59453125 0.03046875 0.03125
1 0.4546875 0.67421875 0.0296875 0.03125
1 0.38203125 0.54296875 0.03203125 0.03203125
1 0.25625 0.4421875 0.0328125 0.03046875
0 0.55625 0.571875 0.0296875 0.03046875
1 0.86171875 0.71796875 0.0328125 0.0328125
1 0.21171875 0.3640625 0.03203125 0.03125
1 0.83046875 0.5515625 0.03046875 0.028125