1 0.41015625 0.63359375 0.03125 0.03046875
1 0.18984375 0.653125 0.034375 0.03203125
1 0.58515625 0.31953125 0.0296875 0.03203125
1 0.2640625 0.6671875 0.03203125 0.03046875
1 0.5421875 0.36875 0.028125 0.0296875
1 0.2046875 0.4921875 0.0328125 0.02890625
1 0.18515625 0.3109375 0.03203125 0.03046875
1 0.1328125 0.44765625 0.03359375 0.02890625
0 0.2578125 0.44453125 0.03125 0.0296875
1 0.26796875 0.38203125 0.03046875 0.02890625
1 0.425 0.5984375 0.03046875 0.03046875
1 0.16328125 0.4234375 0.0328125 0.03046875
1 0.05859375 0.60078125 0.0359375 0.03046875
1 0.14140625 0.35 0.03203125 0.0296875
1 0.35546875 0.34140625 0.0296875 0.0296875