1 0.18996527777777777 0.54765625 0.03909722222222225 0.0359375
1 0.04819444444444444 0.5921875 0.04555555555555556 0.040625
1 0.17585069444444446 0.634375 0.04079861111111107 0.0390625
1 0.27625 0.5203125 0.03583333333333334 0.0328125
1 0.68625 0.42890625 0.03597222222222225 0.0359375
1 0.6960069444444444 0.40234375 0.03753472222222225 0.0359375
1 0.2259201388888889 0.53046875 0.03902777777777775 0.034375
1 0.10067708333333333 0.4546875 0.043923611111111115 0.0390625
1 0.18098958333333331 0.36328125 0.04555555555555553 0.040625
1 0.14916666666666667 0.403125 0.04229166666666666 0.0375
1 0.10876736111111111 0.42578125 0.04065972222222221 0.0359375
1 0.18484375 0.2390625 0.04065972222222221 0.0359375
0 0.29529513888888886 0.40390625 0.04229166666666666 0.0375
1 0.18690972222222224 0.303125 0.040729166666666664 0.0375
1 0.3287847222222222 0.64765625 0.03760416666666666 0.0375
1 0.21552083333333333 0.24375 0.04079861111111107 0.0390625