1 0.11002893518518517 0.552980324074074 0.044062499999999984 0.04542824074074083
1 0.32734953703703706 0.3400462962962963 0.0409259259259259 0.043634259259259345
1 0.33009259259259255 0.39184027777777775 0.0393518518518519 0.04195601851851851
1 0.6841203703703703 0.6127025462962964 0.037777777777777646 0.04027777777777786
1 0.09733217592592594 0.4730902777777778 0.045636574074074066 0.047106481481481485
1 0.45406250000000004 0.4346354166666667 0.0393518518518519 0.04195601851851851
1 0.3211631944444444 0.43651620370370364 0.04092592592592599 0.043634259259259164
1 0.24578703703703705 0.37621527777777775 0.04250000000000007 0.0453125
1 0.14929398148148149 0.31747685185185187 0.044062499999999984 0.04542824074074074
1 0.6544849537037037 0.6034722222222222 0.0393518518518519 0.04195601851851851
1 0.21277199074074074 0.5066550925925926 0.044074074074074064 0.04699074074074083
1 0.4281828703703704 0.44600694444444444 0.04092592592592581 0.043634259259259164
0 0.37708912037037035 0.4844328703703704 0.04092592592592599 0.043634259259259164
1 0.2532060185185185 0.32439236111111114 0.04562500000000007 0.04554398148148149
1 0.5275983796296296 0.7433738425925925 0.0393518518518519 0.04195601851851851
1 0.23167824074074073 0.27589699074074076 0.044062500000000074 0.04542824074074074