1 0.71171875 0.7171875 0.03046875 0.03046875
1 0.35625 0.659375 0.0296875 0.02890625
1 0.36796875 0.49140625 0.028125 0.02734375
1 0.28359375 0.5515625 0.0296875 0.0296875
1 0.5828125 0.5578125 0.0296875 0.0296875
1 0.51796875 0.52421875 0.028125 0.0296875
1 0.396875 0.49296875 0.02890625 0.028125
1 0.228125 0.61484375 0.0328125 0.0296875
1 0.39765625 0.5734375 0.03046875 0.0296875
1 0.534375 0.43828125 0.028125 0.028125
1 0.28359375 0.59453125 0.02734375 0.0265625
1 0.33828125 0.43515625 0.028125 0.028125
1 0.72578125 0.690625 0.0296875 0.0296875
1 0.56171875 0.42734375 0.028125 0.0296875
0 0.4796875 0.7171875 0.028125 0.02890625
1 0.334375 0.56328125 0.028125 0.02734375