1 0.2901041666666667 0.43296875 0.03396990740740744 0.031736111111111145
1 0.3410300925925926 0.5219560185185185 0.03402777777777777 0.03329861111111114
1 0.28315972222222224 0.519537037037037 0.03553240740740744 0.031759259259259306
1 0.3061053240740741 0.590931712962963 0.03402777777777777 0.03329861111111114
1 0.3682002314814815 0.4544270833333333 0.032349537037037024 0.030150462962962976
1 0.697193287037037 0.48272569444444446 0.032349537037037024 0.030150462962962976
1 0.1984375 0.6564872685185186 0.03547453703703703 0.03019675925925931
1 0.6394675925925926 0.39988425925925924 0.032349537037037024 0.030150462962962976
1 0.2247685185185185 0.7138773148148149 0.03396990740740744 0.031736111111111145
1 0.11160300925925926 0.7153240740740741 0.038715277777777765 0.033368055555555644
1 0.30506365740740743 0.4995601851851852 0.03396990740740744 0.031736111111111145
0 0.3713252314814815 0.7285416666666666 0.035648148148148096 0.03488425925925931
1 0.06767939814814815 0.4780844907407408 0.04027777777777779 0.03339120370370381
1 0.11195023148148149 0.5982060185185185 0.04033564814814814 0.03495370370370363
1 0.27965856481481477 0.6569097222222222 0.027835648148148096 0.034768518518518476
1 0.4892650462962963 0.45543981481481477 0.03240740740740744 0.03171296296296298