1 0.5328125 0.57109375 0.02890625 0.028125
1 0.51796875 0.53984375 0.02890625 0.02890625
1 0.64921875 0.38125 0.02890625 0.0296875
1 0.628125 0.40078125 0.0296875 0.03046875
1 0.61796875 0.50625 0.0296875 0.03125
1 0.5671875 0.4828125 0.02734375 0.02890625
1 0.6 0.4171875 0.02890625 0.03046875
1 0.58046875 0.4375 0.028125 0.02890625
1 0.50625 0.46953125 0.028125 0.02890625
1 0.6359375 0.4609375 0.02890625 0.02734375
1 0.6625 0.4890625 0.0296875 0.02734375
1 0.45703125 0.40859375 0.0296875 0.03046875
0 0.6078125 0.5578125 0.0296875 0.02890625
1 0.5515625 0.459375 0.02890625 0.0296875
1 0.6515625 0.5484375 0.0296875 0.0296875
1 0.5171875 0.50703125 0.0296875 0.02890625