0 0.708125 0.6080555555555556 0.033506944444444464 0.031736111111111145
1 0.8088715277777778 0.3269675925925926 0.03194444444444429 0.03171296296296298
1 0.7792534722222222 0.3242824074074074 0.035069444444444466 0.031759259259259306
1 0.76078125 0.3472048611111111 0.033506944444444284 0.031736111111111145
1 0.8032291666666665 0.2997164351851852 0.033506944444444284 0.031736111111111145
1 0.7415277777777778 0.3701388888888889 0.033472222222222216 0.030173611111111144
1 0.8287847222222222 0.3797800925925926 0.03194444444444429 0.03171296296296298
1 0.7888368055555556 0.34991319444444446 0.03194444444444446 0.03171296296296298
1 0.8391493055555556 0.4053993055555555 0.033472222222222216 0.030173611111111144
1 0.7815104166666667 0.398443287037037 0.031909722222222214 0.030150462962962976
1 0.7534548611111112 0.3957349537037037 0.033472222222222216 0.030173611111111144
1 0.7253819444444444 0.39380787037037035 0.03194444444444429 0.03171296296296298
1 0.7991840277777778 0.3763136574074074 0.031909722222222214 0.030150462962962976
1 0.8102951388888888 0.4034837962962963 0.033472222222222216 0.030173611111111144
1 0.7727256944444444 0.37201967592592594 0.030347222222222213 0.030127314814814808
1 0.8176388888888889 0.35417245370370376 0.033506944444444284 0.031736111111111145