1 0.5527372685185185 0.5655324074074074 0.03287037037037024 0.032175925925925955
1 0.5071180555555556 0.5883622685185186 0.034513888888889 0.033784722222222285
1 0.5488483796296297 0.5958391203703703 0.03443287037037024 0.032222222222222284
1 0.5535127314814815 0.5203125 0.032951388888889 0.03373842592592595
1 0.5895081018518519 0.5525810185185185 0.036076388888888825 0.03383101851851862
1 0.5934548611111111 0.44817129629629626 0.03287037037037024 0.032175925925925955
1 0.6821238425925926 0.5334837962962963 0.0361574074074074 0.03539351851851844
1 0.5879918981481481 0.5985590277777778 0.034513888888889 0.033784722222222285
1 0.5303819444444444 0.4954456018518519 0.034513888888889 0.033784722222222285
0 0.6236689814814815 0.6698206018518519 0.03459490740740741 0.03534722222222229
1 0.559866898148148 0.4924189814814815 0.034513888888889 0.033784722222222285
1 0.5150868055555555 0.5464756944444444 0.0361574074074074 0.035393518518518616
1 0.6213483796296296 0.4294965277777777 0.0361574074074074 0.035393518518518616
1 0.7894270833333333 0.6622511574074075 0.03623842592592581 0.03695601851851862
1 0.7762037037037037 0.6930613425925927 0.03467592592592581 0.03690972222222229
1 0.6406481481481482 0.5158738425925925 0.034513888888889 0.033784722222222285