1 0.44921875 0.27989004629629627 0.0375 0.03934027777777782
1 0.55 0.5970428240740742 0.034375 0.034629629629629476
1 0.41484375 0.6749479166666668 0.034375 0.03619212962962948
1 0.615625 0.7256539351851852 0.0359375 0.03620370370370374
1 0.82109375 0.4185821759259259 0.0375 0.03777777777777782
1 0.45078125 0.6666203703703704 0.034375 0.03619212962962966
1 0.57109375 0.37219907407407404 0.034375 0.03619212962962966
1 0.37890625 0.638744212962963 0.034375 0.03619212962962966
1 0.5125 0.4647337962962963 0.0328125 0.03149305555555557
1 0.48046875 0.3512152777777778 0.034375 0.03619212962962966
1 0.44296875 0.58375 0.0328125 0.033055555555555574
1 0.2890625 0.6333912037037037 0.0359375 0.03776620370370374