0 0.77890625 0.52265625 0.03359375 0.03125
1 0.22421875 0.4828125 0.03046875 0.02890625
1 0.2484375 0.4984375 0.03203125 0.02890625
1 0.27578125 0.45703125 0.03125 0.02890625
1 0.22734375 0.42421875 0.03125 0.03125
1 0.2484375 0.5265625 0.03125 0.0296875
1 0.275 0.4859375 0.02890625 0.028125
1 0.22421875 0.5421875 0.0328125 0.02890625
1 0.2984375 0.50234375 0.03125 0.0296875
1 0.2515625 0.43984375 0.03203125 0.02890625
1 0.25 0.46953125 0.02890625 0.0296875
1 0.32421875 0.4875 0.03203125 0.0296875
1 0.2734375 0.51484375 0.03203125 0.02890625
1 0.3 0.47265625 0.03046875 0.0296875
1 0.225 0.453125 0.0328125 0.03046875
1 0.22265625 0.51171875 0.03203125 0.03046875