1 0.027326388888888893 0.5278356481481481 0.04302083333333334 0.03781250000000007
1 0.1376909722222222 0.5176446759259259 0.038298611111111124 0.03621527777777782
1 0.15802083333333333 0.551863425925926 0.03989583333333333 0.03778935185185191
1 0.66296875 0.3606539351851852 0.03677083333333329 0.03776620370370374
1 0.6528472222222221 0.3943171296296296 0.03673611111111121 0.03620370370370374
1 0.23126736111111112 0.5247627314814814 0.03673611111111112 0.03620370370370374
1 0.3246875 0.3631597222222222 0.03513888888888896 0.034629629629629656
1 0.3297395833333333 0.4873206018518518 0.038298611111111124 0.036215277777777645
1 0.5449826388888889 0.4677604166666667 0.03677083333333329 0.03776620370370374
1 0.36791666666666667 0.491724537037037 0.03673611111111112 0.03620370370370374
1 0.3909201388888889 0.44078125 0.03833333333333337 0.037777777777777646
1 0.05541666666666667 0.5643402777777778 0.039861111111111125 0.036226851851851906
0 0.5122048611111112 0.5015914351851852 0.03673611111111121 0.03620370370370374
1 0.03190972222222223 0.4621874999999999 0.04145833333333333 0.03780092592592581
1 0.41664930555555557 0.4780844907407408 0.03673611111111104 0.03620370370370374
1 0.5777430555555556 0.4698611111111111 0.03673611111111121 0.03620370370370374