1 0.4764756944444445 0.64234375 0.030567129629629618 0.03166666666666664
1 0.3563483796296296 0.6280729166666668 0.032175925925925955 0.033333333333333215
1 0.36559027777777775 0.50109375 0.030613425925925954 0.03322916666666664
1 0.5218344907407408 0.6438020833333333 0.030613425925925954 0.03322916666666664
1 0.4446296296296296 0.4226041666666667 0.030613425925925954 0.03322916666666664
1 0.5760590277777778 0.45171875000000006 0.030567129629629618 0.03166666666666664
0 0.7763888888888889 0.74453125 0.035393518518518616 0.036666666666666715
1 0.49867476851851855 0.3158333333333333 0.030659722222222286 0.034791666666666644
1 0.5993344907407407 0.6701041666666667 0.030567129629629618 0.03166666666666664
1 0.8896064814814814 0.7278125 0.03534722222222229 0.035104166666666714
1 0.3934085648148148 0.4340624999999999 0.032175925925925955 0.033333333333333215
1 0.28058449074074077 0.6488541666666666 0.03373842592592595 0.03343749999999997
1 0.5682060185185185 0.6375 0.032222222222222284 0.03489583333333339
1 0.6643055555555556 0.40593749999999995 0.032175925925925955 0.033333333333333215
1 0.9364641203703703 0.5994270833333333 0.03690972222222229 0.035208333333333286
1 0.6037210648148148 0.5748958333333334 0.030474537037036953 0.028541666666666642