1 0.81484375 0.621875 0.03203125 0.02890625
1 0.9453125 0.69765625 0.0375 0.0328125
1 0.81328125 0.71015625 0.0328125 0.0328125
1 0.7359375 0.575 0.02890625 0.02734375
1 0.353125 0.39296875 0.02890625 0.03046875
1 0.3484375 0.36484375 0.0296875 0.03046875
1 0.7828125 0.596875 0.03125 0.028125
1 0.91875 0.55 0.03671875 0.03125
1 0.85703125 0.4421875 0.03671875 0.0328125
1 0.88125 0.48828125 0.034375 0.03046875
1 0.91640625 0.5203125 0.03359375 0.02890625
1 0.8765625 0.31875 0.0328125 0.0296875
0 0.73828125 0.45625 0.034375 0.03125
1 0.8625 0.38125 0.03359375 0.03046875
1 0.66171875 0.6890625 0.03046875 0.03125
1 0.8453125 0.31640625 0.0328125 0.03203125