1 0.571875 0.6390625 0.02734375 0.02734375
1 0.52734375 0.659375 0.02890625 0.02890625
0 0.6921875 0.36953125 0.03046875 0.0296875
1 0.54375 0.63671875 0.02734375 0.02890625
1 0.51640625 0.63359375 0.02890625 0.02890625
1 0.5875 0.615625 0.028125 0.0296875
1 0.559375 0.61171875 0.02734375 0.03046875
1 0.59921875 0.640625 0.02890625 0.02578125
1 0.5328125 0.61015625 0.028125 0.02890625
1 0.5046875 0.6078125 0.028125 0.03046875
1 0.584375 0.6640625 0.02890625 0.02890625
1 0.615625 0.61640625 0.028125 0.02890625
1 0.565625 0.6859375 0.028125 0.02890625
1 0.53984375 0.684375 0.0296875 0.02890625
1 0.55078125 0.71015625 0.0296875 0.02890625
1 0.55546875 0.66171875 0.028125 0.028125