1 0.63828125 0.59453125 0.03046875 0.028125
1 0.67265625 0.58671875 0.0296875 0.028125
1 0.678125 0.5578125 0.03125 0.0296875
0 0.728125 0.6046875 0.03359375 0.0328125
1 0.6734375 0.528125 0.0296875 0.028125
1 0.64765625 0.51171875 0.0296875 0.03046875
1 0.65546875 0.4828125 0.02890625 0.02890625
1 0.6765625 0.49921875 0.0296875 0.02890625
1 0.70234375 0.515625 0.03046875 0.03046875
1 0.73359375 0.5296875 0.03203125 0.02890625
1 0.75625 0.54609375 0.0328125 0.0296875
1 0.72734375 0.559375 0.03046875 0.02890625
1 0.703125 0.54375 0.03125 0.03046875
1 0.65234375 0.56875 0.03046875 0.02890625
1 0.65 0.540625 0.0296875 0.028125
1 0.7046875 0.5796875 0.03046875 0.02890625