1 0.6856655092592593 0.46369791666666665 0.034629629629629476 0.034629629629629656
1 0.6476157407407408 0.43216435185185187 0.03619212962962948 0.034641203703703737
1 0.6858101851851852 0.5496412037037037 0.03460648148148149 0.03150462962962965
1 0.7213194444444444 0.5022453703703704 0.033055555555555574 0.033055555555555574
1 0.7031712962962964 0.5263310185185185 0.03461805555555557 0.033067129629629655
1 0.6766840277777778 0.5159780092592593 0.029907407407407403 0.029907407407407403
1 0.6749305555555556 0.43627314814814816 0.033055555555555574 0.033055555555555574
1 0.7410127314814815 0.4805150462962963 0.0283333333333335 0.02833333333333332
1 0.694039351851852 0.4934490740740741 0.03461805555555557 0.033067129629629655
1 0.7038020833333334 0.4411747685185185 0.033055555555555574 0.033055555555555574
1 0.6575694444444444 0.45958333333333334 0.034629629629629656 0.034629629629629656
1 0.6667476851851852 0.48621527777777784 0.03618055555555557 0.033078703703703735
0 0.5728645833333333 0.7144386574074074 0.034629629629629656 0.034629629629629476
1 0.713738425925926 0.47093749999999995 0.03304398148148149 0.03149305555555557
1 0.7318749999999999 0.44841435185185186 0.029907407407407403 0.029907407407407403
1 0.7598958333333334 0.46268518518518514 0.028287037037037166 0.022083333333333323