1 0.4795138888888889 0.37980324074074073 0.03475694444444457 0.03402777777777777
1 0.6176736111111112 0.3372685185185185 0.03484953703703706 0.03559027777777777
1 0.7833159722222222 0.7123263888888889 0.041284722222222216 0.03894675925925917
1 0.34116898148148145 0.3202256944444445 0.03631944444444439 0.034085648148148094
1 0.8150810185185187 0.5840856481481482 0.03788194444444457 0.03414351851851851
1 0.06896990740740741 0.33576388888888886 0.04109953703703704 0.035821759259259255
1 0.8405266203703704 0.6151041666666666 0.04109953703703688 0.035821759259259164
1 0.1414409722222222 0.4414351851851852 0.03953703703703706 0.03576388888888893
0 0.09431712962962964 0.48683449074074064 0.041192129629629634 0.037384259259259166
1 0.04482060185185185 0.38810763888888894 0.04266203703703704 0.03587962962962958
1 0.08106481481481483 0.4210648148148148 0.039444444444444435 0.03420138888888893
1 0.05447916666666667 0.4750578703703704 0.03935185185185186 0.032638888888888926