1 0.16630208333333335 0.5646354166666667 0.031469907407407405 0.036354166666666646
1 0.1334548611111111 0.6068229166666667 0.03936342592592594 0.038437500000000034
1 0.11740162037037036 0.6275520833333333 0.0393634259259259 0.038437500000000034
1 0.15185185185185185 0.5862499999999999 0.0361574074074074 0.036666666666666715
1 0.14576967592592593 0.6341145833333334 0.039282407407407405 0.03687499999999986
1 0.17574074074074075 0.6415625 0.0409259259259259 0.038541666666666786
1 0.1957175925925926 0.6514583333333333 0.023657407407407405 0.035833333333333425
1 0.17487268518518517 0.5947916666666667 0.02802083333333334 0.029895833333333323
1 0.18640625 0.62203125 0.02662037037037037 0.03291666666666657
1 0.16420717592592593 0.6143229166666666 0.039282407407407405 0.03687499999999986
0 0.33633101851851854 0.6756249999999999 0.041006944444444485 0.04010416666666679