1 0.425 0.43359375 0.0296875 0.03046875
1 0.25703125 0.4765625 0.03203125 0.03125
1 0.36171875 0.4765625 0.03203125 0.0328125
1 0.40546875 0.4609375 0.03203125 0.03125
1 0.3234375 0.55625 0.03046875 0.0296875
1 0.30625 0.49609375 0.03203125 0.03125
1 0.39375 0.62421875 0.03125 0.03125
1 0.34375 0.6390625 0.0296875 0.03046875
1 0.33359375 0.51171875 0.03125 0.03046875
1 0.34375 0.60234375 0.0296875 0.03203125
1 0.38671875 0.496875 0.0296875 0.0296875
0 0.38671875 0.59140625 0.03046875 0.03125
1 0.3734375 0.56171875 0.03046875 0.03125
1 0.35078125 0.53828125 0.03203125 0.0328125