1 0.59765625 0.54921875 0.0296875 0.02890625
1 0.7171875 0.4359375 0.0296875 0.02734375
1 0.60234375 0.5109375 0.0296875 0.0296875
1 0.67265625 0.63828125 0.0296875 0.03046875
1 0.57265625 0.5671875 0.0296875 0.02890625
1 0.5765625 0.52578125 0.0296875 0.02890625
1 0.634375 0.44609375 0.0296875 0.02890625
1 0.6515625 0.5734375 0.028125 0.02890625
1 0.55 0.51875 0.02734375 0.02890625
1 0.653125 0.5140625 0.0296875 0.0296875
0 0.63125 0.540625 0.02890625 0.028125
1 0.6078125 0.4640625 0.0296875 0.0296875
1 0.51875 0.5265625 0.0265625 0.02734375
1 0.66171875 0.48046875 0.03046875 0.028125
1 0.70390625 0.584375 0.0296875 0.02734375
1 0.5453125 0.55546875 0.02890625 0.02890625