1 0.671875 0.4921875 0.02890625 0.02890625
1 0.65234375 0.528125 0.03046875 0.0296875
1 0.68828125 0.60625 0.028125 0.02890625
1 0.6203125 0.4875 0.028125 0.02890625
1 0.69765625 0.46484375 0.03046875 0.02890625
1 0.63828125 0.465625 0.02890625 0.02890625
1 0.6203125 0.51640625 0.02890625 0.028125
1 0.65703125 0.42578125 0.0296875 0.03046875
1 0.59296875 0.50625 0.02734375 0.02734375
0 0.6765625 0.575 0.03046875 0.0296875
1 0.7484375 0.57109375 0.03125 0.0296875
1 0.75078125 0.6328125 0.03125 0.0296875
1 0.9359375 0.4609375 0.034375 0.0296875
1 0.58203125 0.6859375 0.02890625 0.0296875
1 0.64453125 0.50078125 0.02734375 0.028125
1 0.71015625 0.4125 0.03046875 0.0296875