1 0.5285590277777777 0.25164930555555554 0.035648148148148096 0.03641203703703706
1 0.343431712962963 0.3460300925925926 0.035648148148148096 0.03641203703703706
1 0.4789641203703704 0.36995949074074075 0.035648148148148096 0.03641203703703706
1 0.1002025462962963 0.7463136574074074 0.04195601851851851 0.03834490740740737
1 0.1540798611111111 0.7439004629629629 0.04201388888888893 0.039907407407407544
1 0.13046875 0.6447395833333334 0.03721064814814814 0.03650462962962955
1 0.27514467592592595 0.35865162037037035 0.035648148148148096 0.03641203703703706
0 0.7465277777777779 0.4702546296296296 0.03402777777777786 0.03475694444444457
1 0.8761574074074072 0.4641319444444445 0.040393518518518336 0.03825231481481488
1 0.6338541666666666 0.29218171296296297 0.03559027777777786 0.03484953703703706
1 0.2779513888888889 0.7248668981481481 0.04525462962962967 0.04321759259259252
1 0.05046296296296295 0.6370081018518519 0.048263888888888884 0.04027777777777786
1 0.6875 0.5064930555555556 0.029340277777777857 0.034479166666666575