1 0.2015625 0.29765625 0.03203125 0.03125
0 0.4015625 0.6609375 0.02890625 0.02890625
1 0.215625 0.3859375 0.03125 0.028125
1 0.5125 0.4 0.02890625 0.02890625
1 0.72734375 0.56640625 0.02890625 0.028125
1 0.125 0.5640625 0.03359375 0.0296875
1 0.2609375 0.60703125 0.03125 0.0296875
1 0.0484375 0.50703125 0.0375 0.03125
1 0.1265625 0.69453125 0.03359375 0.03125
1 0.08515625 0.32890625 0.03515625 0.03125
1 0.8734375 0.534375 0.03359375 0.02890625
1 0.45859375 0.7109375 0.02734375 0.03125
1 0.159375 0.34921875 0.0328125 0.03125
1 0.73359375 0.35625 0.03125 0.02890625
1 0.08125 0.58203125 0.034375 0.02578125