1 0.6576041666666667 0.3980902777777778 0.03993055555555554 0.03993055555555554
1 0.6577256944444445 0.4387326388888889 0.04152777777777779 0.04152777777777779
1 0.7276388888888888 0.48954861111111114 0.03993055555555554 0.03993055555555554
1 0.6096180555555556 0.41947916666666674 0.03993055555555554 0.03993055555555554
1 0.6661631944444444 0.36116319444444445 0.04149305555555553 0.03996527777777779
1 0.6152430555555556 0.3912152777777778 0.03993055555555571 0.03993055555555554
1 0.6242361111111111 0.44416666666666665 0.03993055555555554 0.03993055555555554
1 0.6119270833333333 0.3475173611111111 0.04152777777777779 0.04152777777777779
1 0.5954166666666667 0.4487152777777778 0.03833333333333329 0.03833333333333329
0 0.7021527777777778 0.4682291666666667 0.04152777777777779 0.04152777777777779
1 0.7622569444444445 0.429375 0.04309027777777778 0.04156250000000004
1 0.7946875 0.48180555555555554 0.04309027777777778 0.04156250000000004
1 0.8722048611111111 0.24168402777777778 0.04468749999999986 0.0431597222222222
1 0.6732812499999999 0.6111284722222222 0.03993055555555571 0.03993055555555554
1 0.6377430555555555 0.41885416666666664 0.03833333333333329 0.03833333333333329
1 0.6517361111111111 0.30989583333333337 0.04152777777777779 0.04152777777777779