1 0.71484375 0.49296875 0.03125 0.03125
1 0.78828125 0.5109375 0.03203125 0.03046875
1 0.78828125 0.48125 0.03125 0.0296875
1 0.8140625 0.46796875 0.03359375 0.0296875
1 0.8109375 0.55390625 0.0328125 0.03046875
1 0.7625 0.5234375 0.03203125 0.03046875
1 0.76484375 0.465625 0.0328125 0.03125
1 0.7390625 0.4796875 0.0328125 0.03046875
1 0.7390625 0.5078125 0.03125 0.0296875
1 0.815625 0.4390625 0.0328125 0.0296875
1 0.78984375 0.45234375 0.03046875 0.03046875
1 0.8125 0.496875 0.03125 0.02890625
1 0.8125 0.525 0.03046875 0.028125
1 0.7859375 0.5390625 0.03203125 0.03046875
1 0.7640625 0.4953125 0.03046875 0.0296875
0 0.28125 0.5 0.0328125 0.03046875