1 0.3616493055555556 0.3273148148148148 0.03354166666666671 0.035243055555555534
1 0.4934722222222222 0.36200810185185184 0.03194444444444429 0.03356481481481479
1 0.5466666666666666 0.24965277777777778 0.03197916666666671 0.03512731481481479
1 0.5761111111111111 0.2583912037037037 0.03197916666666671 0.03512731481481488
1 0.44743055555555555 0.32798032407407407 0.03197916666666671 0.03512731481481488
1 0.07109375 0.7317997685185185 0.04145833333333333 0.04050925925925917
1 0.19371527777777778 0.6189814814814815 0.03510416666666667 0.035358796296296194
0 0.7513020833333333 0.4825231481481481 0.03194444444444446 0.03356481481481488
1 0.8807118055555556 0.4854166666666666 0.036666666666666715 0.03547453703703703
1 0.7572048611111111 0.39239004629629626 0.035104166666666714 0.03535879629629637
1 0.04802083333333333 0.5416377314814815 0.03822916666666667 0.03559027777777786
1 0.2928298611111111 0.3355324074074074 0.03194444444444446 0.03356481481481479
1 0.6897569444444445 0.514380787037037 0.025694444444444464 0.0331018518518519