1 0.425 0.5984375 0.03046875 0.03046875
1 0.35546875 0.340625 0.03046875 0.03046875
1 0.41015625 0.634375 0.0296875 0.0296875
1 0.21875 0.50078125 0.03125 0.028125
1 0.28359375 0.396875 0.0296875 0.0296875
1 0.184375 0.3109375 0.0328125 0.03203125
1 0.17421875 0.41328125 0.0328125 0.02890625
1 0.5421875 0.36875 0.028125 0.0296875
1 0.25546875 0.58203125 0.03125 0.03046875
0 0.2578125 0.44453125 0.03046875 0.02890625
1 0.2640625 0.6671875 0.03046875 0.0296875
1 0.33828125 0.52578125 0.03125 0.028125
1 0.58515625 0.31875 0.02890625 0.03046875
1 0.05859375 0.60078125 0.0359375 0.03046875
1 0.21484375 0.396875 0.03125 0.028125