1 0.43671875 0.69140625 0.02890625 0.03203125
1 0.47421875 0.6375 0.0296875 0.03046875
0 0.10390625 0.70859375 0.03671875 0.0328125
1 0.15078125 0.53125 0.034375 0.03046875
1 0.284375 0.49375 0.0296875 0.02890625
1 0.66875 0.3828125 0.028125 0.02890625
1 0.3765625 0.33046875 0.03046875 0.0328125
1 0.63359375 0.4296875 0.02890625 0.0296875
1 0.51328125 0.60625 0.02890625 0.0296875
1 0.82421875 0.49609375 0.03203125 0.02890625
1 0.52109375 0.65 0.028125 0.0296875
1 0.8796875 0.5328125 0.03359375 0.03046875
1 0.64453125 0.55390625 0.02890625 0.0296875
1 0.79609375 0.6078125 0.03046875 0.02890625
1 0.2734375 0.675 0.03203125 0.03203125
1 0.77109375 0.35 0.02890625 0.03046875