1 0.438298611111111 0.610625 0.03093749999999993 0.030104166666666644
0 0.6499652777777778 0.6082812499999999 0.03256944444444443 0.031770833333333214
1 0.5711805555555556 0.6179166666666667 0.031006944444444427 0.03166666666666664
1 0.5783854166666667 0.5439583333333333 0.02937499999999993 0.030000000000000072
1 0.5527430555555556 0.7154166666666667 0.031076388888888928 0.03322916666666664
1 0.4611284722222223 0.67875 0.031076388888888928 0.03322916666666664
1 0.7423263888888889 0.54 0.03256944444444443 0.031770833333333214
1 0.6104340277777778 0.7396354166666667 0.032638888888888926 0.033333333333333215
1 0.6195833333333333 0.6571875 0.02944444444444443 0.03156250000000007
1 0.5913888888888889 0.656875 0.031076388888888928 0.03322916666666664
1 0.9064756944444443 0.39031249999999995 0.03569444444444443 0.03197916666666663
1 0.37444444444444447 0.7427083333333334 0.02944444444444443 0.03156250000000007
1 0.5627604166666667 0.6486979166666667 0.031006944444444427 0.03166666666666664
1 0.8646006944444444 0.41572916666666665 0.034062499999999926 0.030312499999999964
1 0.26494791666666667 0.6147395833333333 0.031006944444444427 0.03166666666666664
1 0.8885243055555556 0.476875 0.03888888888888893 0.03375000000000004