1 0.06015625 0.51171875 0.0359375 0.03125
1 0.275 0.5984375 0.03203125 0.0296875
1 0.12421875 0.5640625 0.03359375 0.0296875
1 0.5125 0.4 0.02890625 0.02890625
0 0.4015625 0.6609375 0.0296875 0.02890625
1 0.08515625 0.32890625 0.03515625 0.03125
1 0.13828125 0.6890625 0.03359375 0.03046875
1 0.8734375 0.534375 0.03359375 0.0296875
1 0.73359375 0.35625 0.03125 0.02890625
1 0.08046875 0.58203125 0.03359375 0.02578125
1 0.15859375 0.34921875 0.0328125 0.0296875
1 0.2015625 0.29765625 0.03203125 0.03359375
1 0.215625 0.3875 0.0328125 0.03203125
1 0.7296875 0.56640625 0.0375 0.03203125
1 0.45859375 0.7109375 0.028125 0.03125