1 0.6359375 0.6586400462962964 0.0390625 0.04120370370370381
1 0.5796875 0.623431712962963 0.0390625 0.04120370370370363
0 0.946875 0.5437152777777777 0.046875 0.04600694444444446
1 0.83203125 0.39904513888888893 0.04375 0.04283564814814813
1 0.69453125 0.41653935185185187 0.0390625 0.03964120370370363
1 0.2984375 0.46614004629629624 0.0375 0.03805555555555564
1 0.54375 0.30258680555555556 0.040625 0.0427893518518518
1 0.34921875 0.49501736111111116 0.0390625 0.03964120370370381
1 0.53125 0.6102141203703704 0.0390625 0.03964120370370381
1 0.20234375 0.6311226851851852 0.040625 0.0396643518518518
1 0.54140625 0.6533333333333333 0.0375 0.03961805555555564
1 0.16640625 0.6868402777777778 0.04375 0.04283564814814813
1 0.38984375 0.6135879629629629 0.0390625 0.03964120370370381
1 0.2734375 0.7228009259259259 0.0390625 0.03964120370370381
1 0.778125 0.5794965277777778 0.0421875 0.04281249999999996
1 0.19140625 0.4762731481481481 0.0390625 0.03964120370370381