1 0.40850694444444446 0.3443287037037037 0.0412268518518518 0.043634259259259345
1 0.22271412037037036 0.4010127314814815 0.03964120370370372 0.04195601851851851
1 0.4341087962962963 0.7232638888888889 0.04125000000000014 0.045196759259259166
1 0.46810763888888884 0.2720196759259259 0.04122685185185197 0.043634259259259255
1 0.2703009259259259 0.5075231481481481 0.0412268518518518 0.043634259259259164
1 0.3618865740740741 0.5413194444444445 0.03964120370370372 0.04195601851851851
1 0.4049189814814815 0.691869212962963 0.0412268518518518 0.043634259259259164
1 0.11380787037037039 0.430150462962963 0.04439814814814813 0.04699074074074083
1 0.31957175925925924 0.6583912037037036 0.04120370370370372 0.04207175925925917
0 0.5177604166666667 0.29175347222222225 0.03964120370370381 0.04195601851851851
1 0.24820023148148146 0.6824074074074075 0.033344907407407476 0.03836805555555571
1 0.06566550925925926 0.46649305555555554 0.04596064814814815 0.047106481481481485
1 0.4376215277777778 0.6441840277777777 0.0396643518518518 0.04351851851851851
1 0.2733449074074074 0.618113425925926 0.02543981481481481 0.0315393518518519
1 0.4509317129629629 0.6939236111111111 0.03964120370370381 0.04195601851851851