1 0.5837962962962964 0.4726041666666667 0.04027777777777786 0.039999999999999855
1 0.3852141203703704 0.56125 0.040277777777777767 0.040000000000000036
1 0.6000289351851852 0.6417708333333334 0.046875 0.04510416666666668
1 0.4261863425925926 0.57484375 0.04027777777777786 0.039999999999999855
1 0.5853298611111111 0.3994270833333334 0.04195601851851851 0.0416666666666667
1 0.41420717592592593 0.35875 0.04027777777777786 0.040000000000000036
1 0.5395543981481481 0.5976041666666667 0.04184027777777786 0.04010416666666679
1 0.3454861111111111 0.5413541666666667 0.04039351851851851 0.041562499999999857
1 0.5437789351851852 0.37265625 0.04207175925925917 0.043229166666666693
1 0.020920138888888887 0.528125 0.041840277777777775 0.04499999999999993
1 0.029311342592592583 0.39140625 0.046875 0.04510416666666668
1 0.5394097222222223 0.25322916666666667 0.04039351851851851 0.04156250000000004
1 0.3050347222222222 0.5627083333333334 0.04027777777777786 0.040000000000000036
0 0.11484375 0.5800520833333334 0.0453125 0.04499999999999993
1 0.35335648148148147 0.28817708333333336 0.04195601851851851 0.0416666666666667
1 0.3397569444444445 0.47177083333333336 0.040162037037037024 0.038437500000000034