1 0.7249710648148149 0.7265798611111112 0.0433912037037036 0.04156250000000004
1 0.3248900462962963 0.45145833333333335 0.04339120370370368 0.04156250000000004
1 0.6639178240740741 0.5105208333333333 0.03861111111111111 0.03833333333333329
1 0.6793055555555556 0.6873090277777778 0.0418287037037036 0.04152777777777779
1 0.46277777777777784 0.5466493055555556 0.04021990740740726 0.03993055555555554
1 0.5088194444444445 0.5195659722222222 0.04021990740740744 0.03993055555555554
1 0.6731307870370371 0.3998611111111111 0.04021990740740744 0.03993055555555554
1 0.61140625 0.5827430555555555 0.03861111111111111 0.03833333333333329
1 0.4337673611111111 0.38439236111111114 0.04021990740740726 0.03993055555555554
0 0.47880208333333335 0.4814236111111111 0.04021990740740744 0.03993055555555571
1 0.7307060185185186 0.5775868055555555 0.04021990740740744 0.03993055555555554
1 0.5787152777777778 0.5070659722222223 0.03704861111111111 0.038298611111111214
1 0.8760243055555555 0.8181597222222223 0.0497800925925926 0.046388888888888855
1 0.9491956018518518 0.6527083333333333 0.04656249999999993 0.043194444444444355
1 0.9436284722222222 0.6229166666666666 0.04660879629629626 0.044756944444444356