1 0.8525694444444444 0.5684027777777778 0.045624999999999714 0.04315972222222229
1 0.5707291666666666 0.5488715277777778 0.04243055555555557 0.04152777777777779
1 0.9300173611111111 0.6075868055555557 0.047256944444444574 0.044756944444444356
1 0.6782118055555555 0.56140625 0.040868055555555574 0.04149305555555553
1 0.8622395833333332 0.6630555555555555 0.045624999999999714 0.04315972222222229
1 0.8935416666666667 0.7176041666666666 0.04555555555555557 0.041597222222222285
1 0.9575520833333334 0.6300520833333334 0.04399305555555557 0.04156250000000004
1 0.5541145833333333 0.4033333333333333 0.040868055555555574 0.04149305555555553
1 0.8171875 0.5098611111111111 0.04236111111111107 0.03996527777777779
1 0.7746006944444443 0.8687152777777779 0.04413194444444457 0.04468749999999986
1 0.9541145833333333 0.6580729166666666 0.04555555555555557 0.041597222222222285
0 0.8982812499999999 0.631076388888889 0.04562500000000007 0.04315972222222229
1 0.9306944444444444 0.6403819444444444 0.04399305555555557 0.04156250000000004
1 0.4541145833333333 0.4713541666666667 0.04243055555555557 0.04152777777777779
1 0.9229166666666666 0.7112326388888889 0.04392361111111107 0.039999999999999855