1 0.611880787037037 0.4888310185185185 0.034629629629629476 0.03692129629629619
1 0.4959548611111111 0.650462962962963 0.034629629629629656 0.03692129629629619
1 0.7331192129629629 0.6227430555555555 0.0393518518518519 0.04195601851851851
1 0.5404108796296296 0.643605324074074 0.033067129629629655 0.036805555555555536
1 0.5676909722222222 0.4262152777777778 0.03620370370370374 0.03859953703703702
1 0.3938773148148148 0.4679976851851852 0.033067129629629655 0.036805555555555536
1 0.6526215277777778 0.6128761574074074 0.034629629629629476 0.03692129629629619
1 0.4491145833333333 0.6516782407407408 0.034641203703703737 0.03848379629629637
1 0.5153530092592593 0.42311921296296295 0.036215277777777645 0.040162037037037024
1 0.15807291666666667 0.7847222222222222 0.03934027777777778 0.04039351851851851
1 0.08066550925925926 0.664988425925926 0.040902777777777774 0.04050925925925917
1 0.4357581018518518 0.3243055555555555 0.034641203703703737 0.03848379629629637
1 0.4267361111111111 0.6875 0.033067129629629474 0.036805555555555536
0 0.2728587962962963 0.7854166666666667 0.03934027777777782 0.04039351851851851
1 0.29604166666666665 0.4365451388888889 0.03620370370370374 0.03859953703703702
1 0.40029513888888885 0.5965277777777779 0.03460648148148149 0.03379629629629619