1 0.6608969907407407 0.39736689814814813 0.03278935185185183 0.030844907407407352
1 0.6781712962962964 0.3499421296296296 0.034351851851851835 0.03090277777777777
1 0.6680324074074073 0.42517361111111107 0.03278935185185183 0.030844907407407262
1 0.6956712962962963 0.4335069444444445 0.03287037037037042 0.03240740740740744
1 0.6435821759259259 0.4455729166666666 0.03278935185185183 0.030844907407407262
1 0.6331365740740741 0.3913773148148148 0.03278935185185183 0.03084490740740744
1 0.63953125 0.418431712962963 0.03278935185185183 0.03084490740740744
1 0.6174652777777778 0.437962962962963 0.03278935185185183 0.03084490740740744
1 0.6885358796296297 0.4057002314814815 0.03278935185185183 0.03084490740740744
1 0.5921296296296296 0.430324074074074 0.03278935185185183 0.03084490740740744
1 0.6997222222222221 0.4606481481481481 0.03443287037037024 0.03246527777777786
1 0.6720023148148149 0.4538773148148148 0.03278935185185183 0.03084490740740744
1 0.6118518518518519 0.4108796296296296 0.03278935185185183 0.03084490740740744
1 0.6837847222222223 0.37702546296296297 0.03287037037037024 0.03240740740740744
1 0.654542824074074 0.36953125 0.03287037037037024 0.03240740740740744
0 0.727667824074074 0.5984085648148147 0.03780092592592599 0.03726851851851851