1 0.4609375 0.52890625 0.02890625 0.02734375
1 0.1515625 0.49765625 0.0328125 0.02734375
1 0.73515625 0.521875 0.03046875 0.02890625
1 0.26796875 0.5578125 0.0296875 0.0296875
1 0.3765625 0.61640625 0.03046875 0.0296875
1 0.41484375 0.57109375 0.02890625 0.02890625
1 0.5375 0.5625 0.02890625 0.02890625
1 0.36875 0.421875 0.02890625 0.02890625
1 0.25 0.34453125 0.03203125 0.03125
1 0.428125 0.53515625 0.0296875 0.02890625
1 0.3875 0.45390625 0.03125 0.03046875
1 0.184375 0.5796875 0.0328125 0.02890625
1 0.32890625 0.575 0.0296875 0.028125
1 0.38671875 0.690625 0.0296875 0.0296875
1 0.07109375 0.3765625 0.0375 0.03203125
0 0.315625 0.35390625 0.03046875 0.0296875