1 0.5702372685185185 0.34655092592592596 0.03484953703703706 0.03486111111111114
1 0.5104976851851852 0.4600347222222222 0.033194444444444395 0.03327546296296298
1 0.6091319444444444 0.488287037037037 0.03631944444444439 0.03332175925925931
1 0.6160474537037037 0.43344907407407407 0.03631944444444439 0.03332175925925931
1 0.5910995370370371 0.44789351851851855 0.03475694444444457 0.03329861111111114
1 0.5998726851851852 0.6487210648148147 0.034756944444444396 0.03329861111111114
1 0.29953124999999997 0.5022569444444445 0.034664351851851904 0.031736111111111145
1 0.3798958333333333 0.5784780092592593 0.034756944444444396 0.03329861111111114
1 0.5729513888888889 0.6694502314814815 0.03319444444444457 0.03327546296296298
1 0.6474826388888889 0.5416724537037038 0.03641203703703688 0.03488425925925931
1 0.7740972222222222 0.4483101851851852 0.03631944444444439 0.03332175925925931
0 0.4727199074074074 0.5614641203703703 0.03319444444444457 0.03327546296296298
1 0.16523726851851853 0.6903472222222222 0.03641203703703706 0.03488425925925931
1 0.8196527777777778 0.37256944444444445 0.03631944444444457 0.03332175925925931
1 0.1977025462962963 0.5256597222222222 0.03457175925925924 0.030173611111111144