1 0.5392013888888889 0.44767361111111115 0.03753472222222225 0.03780092592592599
1 0.7124652777777778 0.46057291666666667 0.03916666666666657 0.039444444444444574
1 0.6098611111111112 0.478744212962963 0.04079861111111107 0.04108796296296298
1 0.5640104166666667 0.47088541666666667 0.03916666666666657 0.03944444444444439
1 0.6614930555555556 0.5503298611111112 0.03753472222222225 0.03780092592592599
1 0.6681770833333334 0.4880324074074075 0.03916666666666657 0.039444444444444574
1 0.6047222222222223 0.6296064814814815 0.03916666666666657 0.03944444444444439
1 0.6569270833333334 0.635445601851852 0.03753472222222225 0.03780092592592581
1 0.6437673611111111 0.5086921296296296 0.03909722222222225 0.03788194444444439
1 0.6498958333333332 0.59984375 0.03760416666666657 0.03936342592592581
1 0.5884375000000001 0.5026909722222223 0.037534722222222074 0.03780092592592599
0 0.6062152777777777 0.5960127314814814 0.03760416666666657 0.03936342592592581
1 0.6138541666666667 0.5650868055555556 0.03760416666666657 0.03936342592592581
1 0.6315104166666666 0.5378125 0.04079861111111107 0.04108796296296298