1 0.74296875 0.34506944444444443 0.034375 0.033032407407407406
1 0.63203125 0.2719155092592592 0.0328125 0.03451388888888891
1 0.08125 0.723130787037037 0.0390625 0.036400462962962975
1 0.85625 0.6220081018518518 0.0359375 0.03623842592592581
1 0.275 0.4724594907407408 0.0328125 0.032951388888889
1 0.3046875 0.49357638888888894 0.03125 0.03287037037037024
1 0.63125 0.40711226851851856 0.0328125 0.032951388888889
1 0.80234375 0.6310532407407408 0.034375 0.03459490740740741
1 0.1859375 0.6997337962962963 0.034375 0.0361574074074074
1 0.19140625 0.5603877314814815 0.0359375 0.036238425925925986
1 0.17734375 0.5861168981481482 0.0359375 0.03467592592592581
1 0.1 0.6932523148148148 0.0390625 0.037962962962962976
1 0.940625 0.6121643518518518 0.0375 0.03631944444444439
1 0.24375 0.4732986111111111 0.0171875 0.029016203703703704