1 0.47152777777777777 0.6960069444444444 0.034675925925925985 0.037152777777777854
1 0.4099884259259259 0.454224537037037 0.036076388888889 0.034085648148148094
1 0.2397627314814815 0.5190104166666666 0.03451388888888882 0.03402777777777786
1 0.10032986111111111 0.4711516203703704 0.039282407407407405 0.03576388888888893
1 0.49736111111111114 0.49855324074074076 0.0377199074074074 0.03570601851851851
1 0.3858449074074074 0.3935185185185185 0.036076388888888825 0.034085648148148094
1 0.42603587962962963 0.31015625 0.036076388888889 0.034085648148148184
1 0.2754976851851852 0.31105324074074076 0.03763888888888891 0.03414351851851851
1 0.4921180555555556 0.31394675925925924 0.03459490740740741 0.03559027777777777
0 0.4713946759259259 0.5782696759259259 0.0361574074074074 0.035648148148148096
1 0.4806365740740741 0.4601851851851852 0.032951388888889 0.03396990740740744
1 0.5458680555555555 0.4803819444444445 0.03763888888888882 0.03414351851851851
1 0.4147743055555555 0.4220775462962963 0.036076388888889 0.034085648148148094
1 0.4956597222222222 0.5313657407407407 0.0377199074074074 0.03570601851851851