1 0.23827546296296295 0.6329687500000001 0.04293981481481479 0.041770833333333354
1 0.3170486111111111 0.6491145833333334 0.04293981481481488 0.041770833333333354
1 0.258275462962963 0.6553125 0.04293981481481488 0.041770833333333354
1 0.27901041666666665 0.6769270833333334 0.04293981481481479 0.041770833333333354
1 0.2676851851851852 0.6302604166666667 0.04137731481481479 0.04166666666666661
1 0.2505208333333333 0.68203125 0.043032407407407366 0.043333333333333356
1 0.2978298611111111 0.6268229166666667 0.04293981481481479 0.041770833333333354
1 0.2762210648148148 0.6035937499999999 0.04137731481481479 0.04166666666666678
1 0.2884201388888889 0.6518750000000001 0.041284722222222216 0.04010416666666679
1 0.2547048611111111 0.5819270833333333 0.04293981481481488 0.041770833333333354
0 0.8236863425925925 0.30859375 0.047812499999999855 0.045208333333333336
1 0.24690393518518522 0.6078645833333333 0.04293981481481488 0.041770833333333354
1 0.22423611111111114 0.6849479166666667 0.04293981481481488 0.041770833333333354
1 0.23047453703703705 0.65890625 0.03962962962962964 0.038437500000000034
1 0.3362673611111111 0.6714062500000001 0.041284722222222216 0.04010416666666679
1 0.3068576388888889 0.6741145833333333 0.039722222222222214 0.040000000000000036