1 0.13359375 0.7832291666666666 0.04375 0.03971064814814831
1 0.21953125 0.7149710648148148 0.0390625 0.03807870370370381
1 0.25625 0.7319212962962963 0.040625 0.0396643518518518
1 0.56640625 0.3013599537037037 0.0390625 0.03964120370370363
1 0.578125 0.33434606481481477 0.0375 0.03961805555555564
1 0.3015625 0.6708738425925926 0.0390625 0.03807870370370363
1 0.28671875 0.48627893518518517 0.0375 0.03649305555555564
1 0.3625 0.5866203703703704 0.0390625 0.03964120370370381
1 0.53046875 0.45395254629629633 0.0390625 0.03964120370370381
1 0.396875 0.5691608796296297 0.0375 0.03805555555555564
1 0.3859375 0.5150925925925925 0.0390625 0.03964120370370381
1 0.17734375 0.7979398148148148 0.0421875 0.03968750000000014
0 0.52265625 0.4991493055555555 0.0375 0.03805555555555564
1 0.09921875 0.7264699074074075 0.04375 0.04127314814814813
1 0.42890625 0.5313541666666668 0.0375 0.03805555555555564
1 0.559375 0.43797453703703704 0.0375 0.03805555555555564