1 0.6338831018518519 0.484056712962963 0.03805555555555564 0.03888888888888893
1 0.48368055555555556 0.45057870370370373 0.03644675925925931 0.03570601851851851
1 0.5953761574074073 0.44800347222222225 0.03649305555555564 0.038831018518518515
1 0.5414872685185186 0.5015335648148148 0.03803240740740747 0.03732638888888893
1 0.47782986111111114 0.4765625 0.03646990740740748 0.03726851851851851
1 0.47570023148148144 0.40949074074074077 0.03649305555555564 0.038831018518518515
0 0.6038368055555555 0.509375 0.03805555555555564 0.03888888888888893
1 0.49863425925925925 0.4953125 0.03646990740740748 0.03726851851851851
1 0.5154861111111112 0.517332175925926 0.03805555555555564 0.03888888888888893
1 0.5620717592592592 0.5351273148148148 0.03646990740740748 0.03726851851851851
1 0.5732060185185185 0.41603009259259255 0.03649305555555564 0.038831018518518515