1 0.5785011574074075 0.4877025462962964 0.03692129629629619 0.035393518518518616
1 0.6434895833333333 0.519380787037037 0.035243055555555534 0.033784722222222285
1 0.41796875 0.4986053240740741 0.036805555555555536 0.03383101851851862
1 0.4815393518518519 0.496574074074074 0.03692129629629619 0.035393518518518616
1 0.32838541666666665 0.6298379629629629 0.03859953703703702 0.03700231481481495
1 0.3589409722222222 0.40759837962962964 0.03859953703703702 0.03700231481481477
1 0.37181712962962965 0.5825810185185185 0.03535879629629628 0.03534722222222229
1 0.33130787037037035 0.6009548611111111 0.040277777777777767 0.03861111111111111
1 0.4174189814814815 0.43203703703703705 0.03859953703703702 0.03700231481481477
0 0.6372974537037037 0.5818344907407408 0.035243055555555534 0.033784722222222285
1 0.6657407407407407 0.5889409722222222 0.03692129629629637 0.035393518518518616
1 0.6918113425925926 0.5435185185185185 0.03512731481481488 0.032222222222222284
1 0.5371527777777778 0.5702546296296296 0.03692129629629637 0.035393518518518616
1 0.7632523148148148 0.6043576388888889 0.040162037037037024 0.03704861111111111
1 0.6141782407407408 0.5662731481481481 0.03692129629629637 0.035393518518518616