1 0.0922048611111111 0.4608506944444445 0.041423611111111126 0.03744212962962958
1 0.1220138888888889 0.4674189814814815 0.036701388888888874 0.03570601851851851
1 0.15173611111111113 0.4700810185185185 0.04145833333333333 0.039004629629629584
1 0.15477430555555555 0.6770543981481482 0.04302083333333333 0.0390625
1 0.10645833333333332 0.6456018518518519 0.041423611111111126 0.03744212962962976
1 0.09659722222222222 0.5179976851851851 0.041423611111111126 0.03744212962962976
1 0.09701388888888889 0.7123842592592593 0.04145833333333333 0.039004629629629584
1 0.19024305555555557 0.6924189814814815 0.03989583333333328 0.03894675925925917
0 0.1308333333333333 0.7237847222222222 0.043055555555555534 0.040625
1 0.13553819444444443 0.6544849537037037 0.041423611111111126 0.03744212962962958
1 0.050763888888888886 0.4577546296296296 0.04145833333333333 0.039004629629629764
1 0.15095486111111112 0.505179398148148 0.04145833333333333 0.039004629629629764
1 0.21055555555555555 0.728298611111111 0.039861111111111125 0.037384259259259166
1 0.20335069444444445 0.7553530092592593 0.041423611111111126 0.03744212962962958
1 0.07579861111111111 0.4953703703703704 0.04138888888888888 0.03587962962962976
1 0.11578124999999999 0.6787326388888889 0.039861111111111125 0.037384259259259166