1 0.7048958333333333 0.6065625000000001 0.03936342592592581 0.03760416666666657
1 0.6931018518518519 0.5444618055555556 0.0361574074074074 0.03590277777777775
1 0.7103877314814815 0.5771875 0.03780092592592599 0.037534722222222074
1 0.7263657407407408 0.49449652777777775 0.0377199074074074 0.03597222222222207
1 0.6393692129629629 0.5303819444444444 0.0361574074074074 0.03590277777777775
1 0.6491666666666667 0.5690104166666667 0.0361574074074074 0.03590277777777775
1 0.6800462962962963 0.5181597222222222 0.0361574074074074 0.03590277777777775
1 0.6650983796296297 0.5455555555555556 0.034513888888889 0.03427083333333343
1 0.7341782407407408 0.6000694444444445 0.03780092592592581 0.037534722222222074
1 0.7173321759259259 0.5307291666666667 0.0377199074074074 0.03597222222222225
1 0.6324942129629629 0.5932118055555555 0.034513888888889 0.03427083333333343
1 0.6792071759259259 0.48694444444444446 0.0361574074074074 0.03590277777777775
1 0.6815625 0.5774652777777778 0.0377199074074074 0.03597222222222225
1 0.6743865740740741 0.6044270833333333 0.0361574074074074 0.03590277777777775
1 0.6180844907407408 0.6159548611111111 0.036076388888888825 0.03434027777777775
0 0.6533333333333333 0.4990451388888889 0.0377199074074074 0.03597222222222207