1 0.7796875 0.58984375 0.03046875 0.02890625
1 0.584375 0.31875 0.028125 0.03046875
1 0.6265625 0.39140625 0.02890625 0.02890625
1 0.72109375 0.5765625 0.03125 0.0296875
1 0.50078125 0.315625 0.028125 0.0296875
1 0.1734375 0.41328125 0.03125 0.028125
1 0.4734375 0.45625 0.028125 0.0296875
1 0.05859375 0.60078125 0.03515625 0.0296875
1 0.4515625 0.41640625 0.02734375 0.02890625
1 0.428125 0.5578125 0.0296875 0.02890625
1 0.41796875 0.52578125 0.028125 0.028125
1 0.60390625 0.51875 0.028125 0.02890625
1 0.3828125 0.47265625 0.0296875 0.0296875
1 0.4140625 0.5828125 0.0296875 0.0296875
0 0.3875 0.50703125 0.0296875 0.02890625