1 0.37378472222222225 0.5735069444444445 0.04050925925925926 0.04079861111111107
1 0.40422453703703703 0.48984375 0.03894675925925935 0.04072916666666675
1 0.4203703703703704 0.46248263888888885 0.040451388888888926 0.03923611111111107
1 0.48324652777777777 0.5175347222222222 0.03888888888888893 0.03916666666666657
1 0.39259259259259255 0.4495486111111111 0.03888888888888893 0.03916666666666657
1 0.42954282407407407 0.5416666666666666 0.03888888888888893 0.03916666666666657
1 0.40381944444444445 0.584201388888889 0.03732638888888893 0.039097222222222075
1 0.4530381944444445 0.4600347222222222 0.03888888888888893 0.03916666666666657
1 0.4335069444444445 0.5012847222222222 0.04050925925925917 0.04079861111111107
1 0.40040509259259255 0.5341319444444445 0.04212962962962976 0.04243055555555557
1 0.45150462962962956 0.4186284722222222 0.040451388888888926 0.03923611111111107
1 0.39184027777777775 0.36605902777777777 0.04207175925925934 0.040868055555555574
0 0.4922164351851852 0.44383680555555555 0.040451388888888926 0.03923611111111107
1 0.33350694444444445 0.6231944444444444 0.0421875 0.04399305555555557
1 0.48553240740740744 0.3897222222222222 0.04050925925925917 0.04079861111111107
1 0.4063368055555555 0.3362847222222222 0.04212962962962976 0.04243055555555557