0 0.72578125 0.6109375 0.03203125 0.0296875
1 0.8109375 0.328125 0.03046875 0.0296875
1 0.78046875 0.32578125 0.03359375 0.0296875
1 0.76328125 0.34921875 0.03203125 0.03046875
1 0.803125 0.30078125 0.03203125 0.03046875
1 0.74609375 0.37265625 0.03125 0.028125
1 0.83359375 0.38046875 0.03046875 0.0296875
1 0.7921875 0.3515625 0.03046875 0.03046875
1 0.8453125 0.40625 0.03125 0.02890625
1 0.7875 0.4 0.03046875 0.02890625
1 0.759375 0.39765625 0.03203125 0.028125
1 0.73125 0.396875 0.03046875 0.0296875
1 0.80390625 0.37734375 0.0296875 0.02890625
1 0.81640625 0.4046875 0.03125 0.02890625
1 0.77734375 0.37421875 0.028125 0.02890625
1 0.82109375 0.35546875 0.03125 0.03046875