1 0.7327083333333333 0.36156249999999995 0.043333333333333356 0.043333333333333356
1 0.6673958333333333 0.4059375 0.04499999999999993 0.04499999999999993
1 0.46421875 0.6541145833333333 0.04489583333333336 0.04343749999999993
1 0.22588541666666667 0.7045312499999999 0.048125000000000015 0.04520833333333343
1 0.2377604166666667 0.74140625 0.04822916666666668 0.04677083333333325
1 0.14166666666666666 0.5947916666666666 0.048125000000000015 0.04520833333333343
1 0.09286458333333333 0.5454687500000001 0.04989583333333334 0.0484375
1 0.16291666666666665 0.4427083333333333 0.046666666666666676 0.046666666666666676
1 0.110625 0.44697916666666665 0.04979166666666668 0.046875
1 0.44421874999999994 0.7425520833333333 0.04499999999999993 0.04499999999999993
1 0.3955208333333333 0.32989583333333333 0.043333333333333356 0.043333333333333356
1 0.48697916666666663 0.32458333333333333 0.041770833333333354 0.04322916666666661
0 0.38421874999999994 0.3840104166666667 0.04489583333333336 0.04343750000000002
1 0.24390625 0.5040104166666667 0.04656250000000002 0.04510416666666668
1 0.25203125000000004 0.6729687500000001 0.04822916666666668 0.04677083333333343