1 0.9625173611111112 0.58125 0.039548611111111145 0.0328125
1 0.8536111111111111 0.56015625 0.036400462962962975 0.03125
1 0.8282928240740741 0.59140625 0.03642361111111114 0.0328125
1 0.873917824074074 0.4015625 0.03642361111111114 0.0328125
1 0.8149189814814815 0.37421875 0.03800925925925931 0.034375
1 0.9309722222222222 0.6140625 0.036400462962962975 0.03125
1 0.7595081018518519 0.378125 0.03486111111111114 0.0328125
0 0.7535069444444444 0.44765625 0.03486111111111114 0.0328125
1 0.8088599537037038 0.334375 0.03486111111111114 0.0328125
1 0.8460706018518518 0.4203125 0.03800925925925931 0.034375
1 0.9223900462962963 0.40390625 0.039571759259259306 0.034375
1 0.7597800925925926 0.5546875 0.03486111111111114 0.0328125
1 0.965462962962963 0.51640625 0.039548611111111145 0.0328125
1 0.8753819444444444 0.44765625 0.036400462962962975 0.03125
1 0.7794849537037037 0.35546875 0.03486111111111114 0.0328125
1 0.7856423611111112 0.4546875 0.03483796296296297 0.03125