1 0.8556307870370372 0.37739004629629636 0.04334490740740762 0.04156250000000004
1 0.693917824074074 0.4135821759259259 0.040173611111111104 0.03981481481481488
1 0.23964120370370373 0.42798032407407405 0.040266203703703776 0.04293981481481488
1 0.329224537037037 0.3874537037037037 0.03861111111111111 0.039722222222222214
1 0.4210069444444445 0.6324537037037037 0.03861111111111111 0.039722222222222214
0 0.6895659722222222 0.5836689814814815 0.03861111111111128 0.039722222222222214
1 0.4561921296296296 0.4464525462962962 0.04021990740740726 0.04137731481481488
1 0.4608043981481481 0.41722222222222227 0.03700231481481477 0.03806712962962955
1 0.7766319444444445 0.5902488425925926 0.04343749999999993 0.04468749999999986
1 0.38493055555555555 0.3129340277777778 0.041874999999999926 0.04459490740740737
1 0.5013194444444444 0.4375173611111111 0.03861111111111111 0.039722222222222214
1 0.4956365740740741 0.40420138888888885 0.03700231481481477 0.03806712962962955
1 0.9767766203703705 0.5040393518518519 0.04500000000000028 0.044780092592592524
1 0.712042824074074 0.3913773148148148 0.040173611111111104 0.03981481481481488
1 0.9887268518518517 0.46919560185185183 0.022546296296296474 0.047534722222222214
1 0.2633275462962963 0.7255381944444445 0.041736111111111106 0.03990740740740737