1 0.71484375 0.5671875 0.03125 0.03125
1 0.75078125 0.5296875 0.03203125 0.03125
1 0.70234375 0.51171875 0.03125 0.03125
1 0.640625 0.51484375 0.03046875 0.03125
1 0.6046875 0.50234375 0.0296875 0.02890625
1 0.67421875 0.5125 0.03125 0.03125
1 0.71796875 0.5375 0.0296875 0.0296875
0 0.74375 0.5875 0.03203125 0.03046875
1 0.71015625 0.615625 0.03203125 0.0296875
1 0.6859375 0.59921875 0.03046875 0.03046875
1 0.68515625 0.54140625 0.03046875 0.0296875
1 0.6734375 0.56953125 0.028125 0.02890625
1 0.63984375 0.57734375 0.03046875 0.0296875
1 0.58671875 0.52421875 0.02890625 0.0296875
1 0.6484375 0.54765625 0.02890625 0.0296875