1 0.7170949074074073 0.16041666666666665 0.0418287037037036 0.043333333333333356
0 0.665943287037037 0.5740104166666666 0.03861111111111111 0.040000000000000036
1 0.7368750000000001 0.24677083333333333 0.040173611111111104 0.04010416666666661
1 0.46605902777777775 0.3798958333333333 0.03861111111111111 0.040000000000000036
1 0.3283333333333333 0.61921875 0.038564814814814774 0.038437500000000034
1 0.8870196759259258 0.37374999999999997 0.04334490740740762 0.041874999999999926
1 0.7763078703703703 0.4680208333333333 0.04021990740740744 0.04166666666666678
1 0.9370023148148148 0.2905729166666667 0.04656249999999993 0.045208333333333336
1 0.9336226851851851 0.49354166666666666 0.04339120370370395 0.04343749999999993
1 0.8371064814814815 0.14223958333333334 0.044953703703703954 0.04354166666666668
1 0.1804976851851852 0.6494270833333333 0.043344907407407395 0.041874999999999926
1 0.6312152777777778 0.6436458333333334 0.03709490740740744 0.041458333333333285
1 0.7759259259259259 0.19093749999999998 0.0433912037037036 0.04343750000000002
1 0.2444212962962963 0.4291145833333333 0.040173611111111104 0.04010416666666661
1 0.9347222222222221 0.3721354166666667 0.04168981481481495 0.03864583333333336