1 0.1765625 0.71484375 0.0328125 0.03046875
1 0.26484375 0.41328125 0.03046875 0.03046875
1 0.290625 0.4578125 0.0296875 0.028125
1 0.69609375 0.46953125 0.028125 0.028125
1 0.12890625 0.65078125 0.034375 0.03125
1 0.41640625 0.43125 0.028125 0.0296875
1 0.30390625 0.5015625 0.03125 0.0296875
1 0.2109375 0.4875 0.03203125 0.03046875
1 0.1015625 0.48515625 0.0328125 0.03046875
1 0.665625 0.4765625 0.0296875 0.02890625
1 0.24296875 0.6203125 0.03359375 0.03125
1 0.4 0.4546875 0.0296875 0.0296875
0 0.3734375 0.515625 0.0296875 0.0296875
1 0.19375 0.4375 0.03515625 0.0296875
1 0.621875 0.6671875 0.028125 0.0296875
1 0.153125 0.40546875 0.03359375 0.03046875