1 0.23509837962962962 0.49470486111111106 0.04195601851851851 0.04108796296296298
1 0.24467592592592596 0.5714699074074074 0.04184027777777786 0.03952546296296298
1 0.2658564814814815 0.5001909722222223 0.04340277777777777 0.03960648148148138
0 0.36455439814814816 0.8134953703703702 0.046875 0.04445601851851855
1 0.30300925925925926 0.5814988425925927 0.04195601851851851 0.04108796296296298
1 0.27881944444444445 0.5281018518518519 0.04340277777777786 0.03960648148148138
1 0.22042824074074074 0.5172916666666667 0.04195601851851851 0.04108796296296298
1 0.2032986111111111 0.5381944444444444 0.040277777777777767 0.039444444444444574
1 0.2601273148148148 0.5489236111111111 0.04184027777777777 0.03952546296296298
1 0.2730902777777778 0.5768344907407407 0.040162037037037024 0.03788194444444457
1 0.2326678240740741 0.5459432870370371 0.040277777777777767 0.039444444444444574
1 0.21698495370370371 0.5653645833333334 0.040277777777777767 0.039444444444444574
1 0.2529513888888889 0.4730613425925926 0.04195601851851851 0.04108796296296298
1 0.18700810185185185 0.5599189814814814 0.040277777777777767 0.03944444444444439
1 0.2480613425925926 0.5226157407407408 0.040277777777777767 0.039444444444444574
1 0.2902199074074074 0.555931712962963 0.04340277777777777 0.03960648148148138