1 0.7035243055555556 0.36085069444444445 0.04021990740740726 0.04021990740740744
1 0.7409027777777778 0.3901851851851852 0.04178240740740726 0.040266203703703776
1 0.7969212962962964 0.39633101851851854 0.04173611111111093 0.038703703703703775
1 0.7595659722222222 0.3662152777777778 0.04178240740740744 0.040266203703703776
1 0.7501967592592592 0.3399537037037037 0.04178240740740744 0.040266203703703686
1 0.7368518518518519 0.31615162037037037 0.04178240740740744 0.040266203703703776
1 0.7338773148148148 0.3638541666666667 0.040173611111111104 0.03865740740740744
1 0.7883333333333333 0.37004629629629626 0.040173611111111104 0.03865740740740744
1 0.7688368055555556 0.3167650462962963 0.040173611111111104 0.03865740740740744
1 0.7563194444444445 0.29137731481481477 0.04178240740740726 0.040266203703703776
1 0.7136979166666666 0.38630787037037034 0.04178240740740744 0.040266203703703686
1 0.7797685185185185 0.3429803240740741 0.040173611111111104 0.03865740740740744
1 0.6840798611111112 0.38484375 0.04178240740740726 0.040266203703703686
1 0.7190162037037038 0.33853587962962967 0.03861111111111111 0.03861111111111111
1 0.7681539351851852 0.3925 0.0433912037037036 0.041875000000000016
0 0.8271701388888889 0.5609143518518518 0.04182870370370395 0.0418287037037036