1 0.38079282407407405 0.30258101851851854 0.04182870370370377 0.04092592592592599
0 0.1363425925925926 0.5652719907407407 0.04339120370370368 0.04093750000000007
1 0.6085648148148148 0.4446122685185186 0.0418287037037036 0.04092592592592581
1 0.5590740740740741 0.6386863425925926 0.04021990740740744 0.0393518518518519
1 0.604849537037037 0.5172800925925926 0.03861111111111111 0.03777777777777782
1 0.44695023148148144 0.600462962962963 0.03861111111111111 0.03777777777777782
1 0.406099537037037 0.582019675925926 0.04021990740740744 0.0393518518518519
1 0.32515046296296296 0.5724652777777777 0.03861111111111111 0.037777777777777646
1 0.6168981481481481 0.6905902777777777 0.0418287037037036 0.04092592592592581
1 0.568912037037037 0.4121006944444444 0.038657407407407265 0.03934027777777764
1 0.5678124999999999 0.29104166666666664 0.04021990740740726 0.0393518518518519
1 0.05637731481481482 0.3643460648148148 0.045 0.04251157407407406
1 0.3669965277777778 0.5573148148148148 0.04021990740740744 0.0393518518518519
1 0.43936921296296294 0.38181712962962966 0.03700231481481477 0.03620370370370374
1 0.04214699074074074 0.5019212962962962 0.045 0.04251157407407398
1 0.36289930555555555 0.4847048611111111 0.03695601851851853 0.034641203703703737