1 0.5632581018518519 0.6769907407407407 0.0331018518518519 0.03171296296296298
1 0.5188831018518518 0.5301215277777778 0.0315393518518519 0.03168981481481481
1 0.5426736111111111 0.35258101851851853 0.03484953703703706 0.03486111111111114
1 0.5430671296296297 0.3986284722222222 0.03144675925925924 0.030127314814814808
1 0.5284722222222222 0.4605092592592593 0.0315393518518519 0.03168981481481481
1 0.584074074074074 0.4706134259259259 0.029976851851851904 0.03166666666666664
1 0.5399652777777778 0.5563483796296296 0.03144675925925924 0.030127314814814808
1 0.6097395833333333 0.41949652777777774 0.0331018518518519 0.03171296296296298
1 0.4917766203703704 0.5133506944444444 0.03144675925925924 0.030127314814814808
1 0.5650000000000001 0.5817361111111111 0.03300925925925924 0.030150462962962976
1 0.5458101851851852 0.43137152777777776 0.0315393518518519 0.03168981481481481
1 0.23387731481481483 0.505462962962963 0.03300925925925924 0.030150462962962976
1 0.5558101851851852 0.47337384259259263 0.03144675925925924 0.030127314814814808
1 0.4261805555555556 0.5533506944444444 0.0315393518518519 0.03168981481481481
1 0.4874363425925926 0.45487268518518514 0.0315393518518519 0.03168981481481481
0 0.5079050925925925 0.4124189814814815 0.03144675925925924 0.030127314814814808