1 0.6904166666666667 0.5614583333333334 0.03354166666666671 0.03329861111111114
1 0.6060590277777778 0.4564930555555556 0.03354166666666671 0.03329861111111114
0 0.8205208333333334 0.47049768518518514 0.038263888888888785 0.034930555555555645
1 0.8774305555555555 0.4751215277777778 0.038263888888888785 0.034930555555555645
1 0.7735243055555555 0.4766608796296296 0.036701388888888783 0.03490740740740748
1 0.6586805555555555 0.6540856481481482 0.03513888888888879 0.03488425925925931
1 0.48258680555555555 0.35445023148148147 0.03513888888888896 0.03488425925925931
1 0.5548784722222223 0.6509375000000001 0.03357638888888879 0.03486111111111114
1 0.6588194444444444 0.3666782407407408 0.03354166666666671 0.03329861111111114
1 0.6389409722222222 0.4528819444444444 0.03354166666666671 0.03329861111111114
1 0.6198611111111111 0.4328587962962963 0.03354166666666671 0.03329861111111114
1 0.9140972222222222 0.6175 0.038263888888888785 0.034930555555555645
1 0.9132638888888888 0.3738425925925926 0.03986111111111086 0.03651620370370372
1 0.8660763888888889 0.24802083333333336 0.03989583333333328 0.03807870370370363
1 0.6114930555555556 0.6336979166666666 0.03354166666666671 0.03329861111111114
1 0.7564930555555556 0.575318287037037 0.03677083333333329 0.03803240740740747