1 0.3884259259259259 0.26098958333333333 0.040277777777777767 0.03916666666666666
1 0.37387152777777777 0.34833333333333333 0.04184027777777777 0.03923611111111107
1 0.3827546296296297 0.5418402777777778 0.03859953703703702 0.03753472222222225
1 0.41524884259259254 0.5495138888888889 0.03859953703703702 0.037534722222222074
1 0.42809606481481477 0.47065972222222224 0.03859953703703702 0.03753472222222225
1 0.37714120370370374 0.6763020833333334 0.04039351851851851 0.04072916666666657
1 0.36875 0.4578993055555555 0.03859953703703702 0.03753472222222225
1 0.300144675925926 0.6355034722222223 0.04375 0.04399305555555557
0 0.22994791666666664 0.6339409722222221 0.045196759259259256 0.04250000000000007
1 0.38990162037037035 0.43859375000000006 0.040277777777777767 0.03916666666666657
1 0.3724826388888889 0.49777777777777776 0.03859953703703702 0.03753472222222225
1 0.3127025462962963 0.2584027777777778 0.04351851851851851 0.040868055555555574
1 0.4368344907407408 0.6096527777777778 0.038715277777777855 0.039097222222222075
1 0.35477430555555556 0.5530555555555555 0.040162037037037024 0.03760416666666657
1 0.4591145833333333 0.44789930555555557 0.035243055555555534 0.03427083333333343
1 0.4171875 0.5021006944444444 0.03859953703703702 0.03753472222222225