1 0.9453125 0.696875 0.0375 0.0328125
1 0.7546875 0.52734375 0.03125 0.0296875
1 0.8140625 0.621875 0.0328125 0.02890625
1 0.79375 0.54140625 0.03203125 0.02890625
1 0.9515625 0.5640625 0.0328125 0.0296875
1 0.878125 0.51875 0.03515625 0.02890625
1 0.8359375 0.69140625 0.03359375 0.03125
1 0.7359375 0.55078125 0.0296875 0.028125
1 0.8875 0.60625 0.034375 0.03046875
1 0.9421875 0.53046875 0.0375 0.03125
1 0.7703125 0.56171875 0.0296875 0.02890625
1 0.92109375 0.57265625 0.03515625 0.03046875
1 0.9484375 0.5015625 0.03359375 0.0296875
0 0.7890625 0.49609375 0.03359375 0.03125
1 0.353125 0.3921875 0.0296875 0.0296875
1 0.91796875 0.51015625 0.0359375 0.0328125