1 0.334375 0.50078125 0.02734375 0.028125
1 0.55546875 0.4640625 0.02890625 0.028125
1 0.4984375 0.49921875 0.028125 0.028125
1 0.6546875 0.665625 0.0296875 0.03046875
1 0.7171875 0.4359375 0.03046875 0.02890625
1 0.29375 0.54609375 0.0296875 0.028125
1 0.5421875 0.54296875 0.02734375 0.02734375
1 0.3265625 0.54296875 0.03046875 0.0296875
1 0.525 0.4015625 0.0296875 0.03046875
1 0.36484375 0.4984375 0.0296875 0.0296875
0 0.4390625 0.53203125 0.028125 0.028125
1 0.40234375 0.5 0.03125 0.03046875
1 0.35546875 0.54765625 0.03125 0.0296875
1 0.4859375 0.41328125 0.02890625 0.03046875
1 0.3921875 0.52734375 0.02890625 0.02734375
1 0.66484375 0.60859375 0.0296875 0.02890625