1 0.5255266203703703 0.5366261574074074 0.03488425925925931 0.03488425925925931
1 0.4836458333333333 0.5692708333333334 0.03805555555555564 0.03805555555555564
1 0.5258449074074074 0.5678645833333333 0.03646990740740748 0.03646990740740748
1 0.5207291666666667 0.4913946759259259 0.03646990740740748 0.03646990740740748
1 0.5602141203703704 0.5150231481481482 0.03805555555555564 0.03805555555555564
1 0.5508275462962964 0.4104976851851852 0.03488425925925931 0.03488425925925931
1 0.6482928240740741 0.47466435185185196 0.03805555555555564 0.03805555555555564
1 0.56421875 0.5610474537037037 0.03803240740740747 0.03649305555555564
1 0.49445601851851856 0.4722569444444444 0.03803240740740747 0.03649305555555564
0 0.6078125 0.6236689814814815 0.03805555555555564 0.03805555555555564
1 0.5227199074074074 0.46246527777777774 0.03646990740740748 0.03646990740740748
1 0.4858449074074073 0.5262789351851852 0.03805555555555564 0.03805555555555564
1 0.5754166666666667 0.3851388888888889 0.03964120370370381 0.03964120370370372
1 0.7694097222222223 0.5767534722222223 0.03964120370370381 0.03964120370370381
1 0.760318287037037 0.610474537037037 0.03807870370370381 0.03961805555555564
1 0.6054513888888889 0.466707175925926 0.03803240740740747 0.03649305555555564