0 0.7375694444444444 0.5006944444444444 0.04152777777777779 0.04092592592592581
1 0.45029513888888884 0.5790219907407408 0.03833333333333329 0.03777777777777782
1 0.5239930555555555 0.48583333333333334 0.03833333333333329 0.03777777777777782
1 0.6859548611111111 0.46281828703703703 0.03993055555555554 0.0393518518518519
1 0.44814236111111116 0.5172974537037037 0.03833333333333329 0.03777777777777782
1 0.5710069444444444 0.4572800925925925 0.03993055555555554 0.0393518518518519
1 0.5614409722222222 0.5189178240740742 0.03993055555555571 0.0393518518518519
1 0.6278125 0.4475462962962963 0.03833333333333329 0.03777777777777782
1 0.5188715277777778 0.5365682870370371 0.03993055555555554 0.0393518518518519
1 0.6017881944444444 0.43641782407407403 0.03993055555555554 0.0393518518518519
1 0.39293402777777775 0.5637557870370371 0.03993055555555554 0.0393518518518519
1 0.605642361111111 0.4692534722222222 0.03833333333333329 0.037777777777777646
1 0.4194097222222222 0.5951967592592593 0.03993055555555554 0.0393518518518519
1 0.6609375 0.4970023148148148 0.03993055555555554 0.0393518518518519
1 0.5836284722222222 0.49799189814814815 0.03993055555555554 0.0393518518518519
1 0.43940972222222224 0.6164351851851851 0.03993055555555554 0.0393518518518519