1 0.301875 0.39375 0.038437500000000034 0.0375
1 0.3086979166666667 0.4203125 0.040000000000000036 0.0375
0 0.6185937499999999 0.365625 0.03833333333333329 0.0359375
1 0.7421354166666667 0.29375 0.041562499999999857 0.0375
1 0.8159895833333334 0.38125 0.04312499999999986 0.0375
1 0.84609375 0.421875 0.04468749999999986 0.0375
1 0.883125 0.45234375 0.043020833333333286 0.0359375
1 0.7935416666666667 0.565625 0.041458333333333285 0.0359375
1 0.8884895833333333 0.41875 0.04458333333333329 0.0359375
1 0.7097916666666666 0.5328125 0.03822916666666672 0.034375
1 0.7596875000000001 0.54609375 0.041458333333333285 0.0359375
1 0.9315104166666666 0.6171875 0.04645833333333336 0.040625
1 0.8011458333333333 0.65078125 0.043333333333333356 0.040625
1 0.6491145833333334 0.6578125 0.038437500000000034 0.0375
1 0.4765625 0.65625 0.038437500000000034 0.0375
1 0.8897916666666668 0.48125 0.04312499999999986 0.0375