1 0.5598321759259259 0.30210069444444443 0.04108796296296298 0.03964120370370363
1 0.47060763888888885 0.4058449074074074 0.039444444444444574 0.03805555555555564
1 0.36934606481481486 0.3377604166666667 0.03952546296296298 0.03961805555555555
0 0.34508680555555554 0.759537037037037 0.04429398148148147 0.04125000000000014
1 0.49116898148148147 0.3500289351851852 0.03952546296296298 0.03961805555555564
1 0.14561921296296299 0.6069039351851852 0.04741898148148147 0.041296296296296296
1 0.3509895833333333 0.3607060185185185 0.03952546296296298 0.03961805555555555
1 0.20307291666666666 0.7499131944444445 0.044212962962962975 0.039687499999999966
1 0.4994386574074074 0.5547511574074073 0.0377199074074074 0.03490740740740748
1 0.21959490740740742 0.7066666666666667 0.045937499999999964 0.04283564814814813
1 0.21269097222222225 0.860011574074074 0.04922453703703704 0.04600694444444429
1 0.38949652777777777 0.6509837962962963 0.033032407407407406 0.03483796296296297
1 0.2029224537037037 0.4152835648148148 0.038124999999999964 0.04271990740740748