1 0.7435763888888889 0.6772800925925926 0.0372106481481481 0.03623842592592581
1 0.798611111111111 0.5862037037037038 0.03559027777777786 0.03459490740740741
1 0.4970775462962963 0.5063831018518519 0.03240740740740744 0.03287037037037042
1 0.3613136574074074 0.43124421296296295 0.03402777777777777 0.03451388888888882
1 0.4341724537037037 0.5140798611111111 0.03240740740740744 0.03287037037037042
1 0.7358506944444445 0.5477256944444445 0.03396990740740744 0.032951388888889
1 0.6539930555555555 0.517650462962963 0.03559027777777786 0.03459490740740741
1 0.6532118055555556 0.5810127314814815 0.032349537037037024 0.031307870370370416
1 0.603732638888889 0.3741493055555556 0.03240740740740726 0.03287037037037042
0 0.6960069444444444 0.524525462962963 0.03240740740740744 0.03287037037037024
1 0.42407407407407405 0.4485879629629629 0.03246527777777786 0.03443287037037024
1 0.7422164351851851 0.5871932870370371 0.03402777777777786 0.034513888888889
1 0.6928819444444445 0.608900462962963 0.03396990740740744 0.032951388888889
1 0.7212962962962963 0.496875 0.03240740740740744 0.03287037037037042
1 0.6637152777777777 0.4876273148148148 0.030729166666666606 0.029664351851851834