1 0.7046875 0.50625 0.0296875 0.0296875
1 0.7796875 0.521875 0.0296875 0.02890625
1 0.7046875 0.4765625 0.0296875 0.0296875
1 0.75546875 0.4484375 0.02890625 0.02890625
1 0.78046875 0.46484375 0.0296875 0.028125
1 0.753125 0.534375 0.0296875 0.02890625
1 0.7296875 0.4625 0.0296875 0.02890625
1 0.6796875 0.48984375 0.02890625 0.02890625
1 0.7796875 0.49375 0.0296875 0.028125
1 0.7546875 0.50703125 0.03046875 0.02890625
1 0.7765625 0.55 0.02890625 0.0265625
1 0.75625 0.478125 0.0296875 0.028125
1 0.7296875 0.48828125 0.02734375 0.0265625
1 0.72890625 0.51953125 0.03046875 0.028125
1 0.78203125 0.4359375 0.03046875 0.0296875
0 0.17578125 0.51640625 0.0359375 0.03125