1 0.31723958333333335 0.4712326388888889 0.04120370370370372 0.03996527777777779
1 0.35480324074074077 0.4219444444444445 0.03805555555555555 0.03833333333333329
1 0.3261863425925926 0.4421180555555556 0.03964120370370372 0.03993055555555554
1 0.3484085648148148 0.3595659722222222 0.03805555555555564 0.03833333333333329
1 0.4073900462962963 0.4371875 0.03805555555555547 0.03833333333333329
1 0.38203703703703706 0.4666666666666666 0.03805555555555547 0.03833333333333329
1 0.37720486111111107 0.40425347222222224 0.03805555555555564 0.03833333333333329
1 0.3784837962962963 0.4378298611111111 0.03646990740740748 0.03673611111111104
1 0.2950520833333333 0.45062499999999994 0.03964120370370363 0.03993055555555571
1 0.3403587962962963 0.39647569444444447 0.03961805555555555 0.03836805555555554
1 0.38483217592592595 0.4970833333333333 0.03646990740740748 0.03673611111111121
1 0.39243634259259264 0.37734375 0.03805555555555547 0.03833333333333337
1 0.3506365740740741 0.4572048611111111 0.03805555555555555 0.03833333333333329
1 0.34403356481481484 0.48626736111111113 0.03805555555555555 0.03833333333333329
1 0.3868229166666667 0.5259548611111111 0.03646990740740748 0.03673611111111121
0 0.4092013888888889 0.40119791666666665 0.03961805555555564 0.03836805555555554