1 0.5796875 0.29375 0.02890625 0.03046875
1 0.5125 0.39921875 0.028125 0.02890625
1 0.384375 0.340625 0.02890625 0.0296875
1 0.07734375 0.675 0.034375 0.03046875
1 0.94375 0.459375 0.03671875 0.0296875
1 0.13828125 0.6890625 0.034375 0.03203125
1 0.41640625 0.5671875 0.02890625 0.028125
0 0.87578125 0.525 0.03515625 0.03046875
1 0.13203125 0.58515625 0.03125 0.02890625
1 0.93046875 0.40546875 0.03515625 0.02890625
1 0.909375 0.490625 0.0359375 0.0296875
1 0.22265625 0.37265625 0.03046875 0.02890625