1 0.1016087962962963 0.7412905092592593 0.04008101851851853 0.035821759259259164
1 0.1488888888888889 0.6765625 0.0369097222222222 0.03414351851851851
1 0.31169560185185186 0.6458333333333334 0.033784722222222285 0.03402777777777786
1 0.24005208333333333 0.740943287037037 0.033784722222222285 0.03402777777777786
1 0.4039351851851851 0.4099247685185185 0.032222222222222284 0.03396990740740744
1 0.2204513888888889 0.4258101851851851 0.03539351851851844 0.035648148148148096
1 0.2621354166666666 0.41796875 0.033784722222222285 0.03402777777777786
1 0.19028935185185186 0.7046875 0.033784722222222195 0.03402777777777786
1 0.4105960648148148 0.528269675925926 0.030613425925925954 0.032349537037037024
1 0.35897569444444444 0.4755208333333333 0.030567129629629618 0.030787037037037022
1 0.4578009259259259 0.4924768518518519 0.030613425925925954 0.032349537037037024
1 0.33316550925925925 0.3963541666666667 0.032222222222222284 0.03396990740740744
1 0.3942708333333333 0.4721354166666667 0.032175925925925955 0.03240740740740744
0 0.14118055555555556 0.7255497685185185 0.0353472222222222 0.034085648148148094
1 0.2884548611111111 0.374363425925926 0.03383101851851853 0.03559027777777786