0 0.2158854166666667 0.6345717592592592 0.04184027777777777 0.03952546296296298
1 0.6480324074074074 0.6585358796296296 0.03859953703703702 0.03780092592592581
1 0.6597511574074074 0.5330671296296297 0.03848379629629619 0.03623842592592581
1 0.38206018518518514 0.34589699074074076 0.040277777777777767 0.03944444444444439
1 0.6442708333333333 0.4606655092592593 0.03859953703703702 0.03780092592592581
1 0.595486111111111 0.4324537037037037 0.03703703703703702 0.0377199074074074
1 0.7197916666666666 0.7027256944444444 0.04184027777777786 0.03952546296296298
1 0.5279513888888889 0.6344097222222222 0.038715277777777855 0.03936342592592581
1 0.4841145833333334 0.6204629629629629 0.03859953703703702 0.03780092592592581
1 0.4023726851851852 0.6201157407407407 0.03859953703703702 0.03780092592592581
1 0.4143518518518519 0.529681712962963 0.036805555555555536 0.03459490740740741
1 0.08342013888888888 0.4432581018518519 0.04508101851851851 0.04125000000000014
1 0.46209490740740744 0.4177546296296296 0.03692129629629619 0.0361574074074074
1 0.43819444444444444 0.5994039351851852 0.03859953703703702 0.03780092592592581
1 0.10766782407407409 0.5814872685185185 0.046875 0.04445601851851855
1 0.5609664351851851 0.3131481481481481 0.037152777777777854 0.039282407407407405