1 0.74453125 0.659375 0.03203125 0.03125
1 0.759375 0.4359375 0.02890625 0.02890625
1 0.67265625 0.6046875 0.0296875 0.0296875
1 0.66875 0.48359375 0.02890625 0.02890625
1 0.71640625 0.54140625 0.03046875 0.0296875
0 0.884375 0.684375 0.034375 0.0296875
1 0.73828125 0.48828125 0.0296875 0.028125
1 0.925 0.365625 0.03515625 0.0296875
1 0.7140625 0.590625 0.0296875 0.02890625
1 0.80703125 0.33203125 0.0328125 0.03046875
1 0.84375 0.66171875 0.034375 0.03125
1 0.74765625 0.621875 0.03046875 0.0296875
1 0.70078125 0.653125 0.03046875 0.03203125
1 0.63125 0.51640625 0.02890625 0.0265625
1 0.6609375 0.390625 0.03359375 0.03046875
1 0.86484375 0.2890625 0.03515625 0.0328125