1 0.733113425925926 0.5644618055555556 0.04137731481481488 0.04021990740740726
1 0.6744560185185186 0.7368113425925926 0.043032407407407366 0.0418287037037036
1 0.8439062499999999 0.6511805555555557 0.04624999999999986 0.043483796296296263
1 0.5024826388888889 0.6213831018518519 0.04146990740740737 0.04178240740740726
1 0.5440335648148148 0.530150462962963 0.04468749999999986 0.04343749999999993
1 0.4204629629629629 0.33346064814814813 0.04137731481481488 0.04021990740740744
1 0.3563194444444444 0.3604050925925926 0.043032407407407366 0.04182870370370377
1 0.5173090277777778 0.6866840277777777 0.04137731481481488 0.04021990740740726
0 0.8218344907407408 0.8334027777777777 0.04956018518518519 0.04670138888888893
1 0.3816724537037037 0.3260011574074074 0.04137731481481488 0.04021990740740744
1 0.4142939814814815 0.4142534722222222 0.043032407407407366 0.04182870370370377
1 0.43850694444444444 0.40023148148148147 0.04459490740740737 0.041874999999999926
1 0.45514467592592595 0.6149594907407407 0.04146990740740737 0.04178240740740744
1 0.3758101851851852 0.4780034722222222 0.04137731481481488 0.04021990740740744
1 0.7080324074074074 0.3789409722222222 0.04468750000000003 0.04343749999999993
1 0.34955439814814815 0.23303819444444446 0.04459490740740737 0.041875000000000016