1 0.47149884259259256 0.4151041666666667 0.038715277777777855 0.03909722222222225
1 0.6324942129629629 0.4071701388888888 0.040162037037037024 0.03760416666666657
1 0.448755787037037 0.46984375 0.03859953703703702 0.03753472222222225
1 0.29638310185185185 0.44546875 0.040277777777777767 0.03916666666666657
1 0.5707465277777778 0.46286458333333336 0.040162037037037024 0.03760416666666657
1 0.6790798611111111 0.38796875000000003 0.04195601851851851 0.04079861111111107
1 0.6388599537037037 0.48942708333333335 0.04195601851851851 0.04079861111111107
1 0.88046875 0.2552083333333333 0.046643518518518334 0.041006944444444395
0 0.6853587962962964 0.6080555555555556 0.043634259259259164 0.04243055555555557
1 0.5866898148148147 0.5524826388888889 0.03859953703703702 0.03753472222222225
1 0.5061631944444445 0.493767361111111 0.04027777777777786 0.03916666666666657
1 0.5198495370370371 0.46668402777777784 0.03859953703703702 0.037534722222222074
1 0.616261574074074 0.4476041666666667 0.04027777777777786 0.03916666666666657
1 0.5705150462962963 0.5080381944444444 0.03668981481481488 0.03277777777777775
1 0.27936921296296297 0.527986111111111 0.04184027777777786 0.03923611111111107
1 0.8836516203703703 0.38043402777777774 0.04508101851851833 0.04093750000000007