1 0.70390625 0.7046875 0.03203125 0.03125
1 0.9265625 0.371875 0.0359375 0.03125
1 0.88046875 0.57421875 0.03515625 0.02890625
1 0.84296875 0.5578125 0.03359375 0.0296875
1 0.90703125 0.43828125 0.034375 0.028125
1 0.6453125 0.6359375 0.03125 0.03046875
1 0.88671875 0.6125 0.034375 0.02890625
1 0.275 0.496875 0.03125 0.0296875
1 0.81953125 0.31171875 0.03125 0.02890625
1 0.353125 0.50625 0.0296875 0.02890625
1 0.77421875 0.40234375 0.03046875 0.028125
1 0.86796875 0.29140625 0.034375 0.03125
0 0.17109375 0.46015625 0.0359375 0.03125
1 0.175 0.421875 0.03203125 0.03046875