1 0.47734375 0.35 0.0296875 0.03046875
1 0.2921875 0.30703125 0.0296875 0.0296875
1 0.33828125 0.70625 0.02890625 0.03203125
1 0.56015625 0.31484375 0.0296875 0.03046875
1 0.28828125 0.428125 0.03125 0.0296875
1 0.353125 0.5046875 0.0296875 0.02890625
1 0.3265625 0.66328125 0.0296875 0.03046875
1 0.18515625 0.27890625 0.0328125 0.03203125
1 0.26640625 0.58984375 0.03046875 0.02890625
0 0.59453125 0.3578125 0.0296875 0.0296875
1 0.19453125 0.575 0.021875 0.02890625
1 0.128125 0.2875 0.03515625 0.03125
1 0.375 0.63671875 0.02890625 0.03046875
1 0.24375 0.5296875 0.01640625 0.025
1 0.365625 0.68828125 0.0296875 0.02890625