1 0.21171875 0.3640625 0.0328125 0.03125
1 0.42109375 0.4921875 0.03203125 0.03046875
1 0.48515625 0.3890625 0.03125 0.03125
1 0.5609375 0.4359375 0.03046875 0.03046875
1 0.60859375 0.4359375 0.03203125 0.03046875
1 0.56875 0.490625 0.03203125 0.03125
1 0.5828125 0.53359375 0.03125 0.03046875
1 0.79453125 0.50625 0.03203125 0.0296875
1 0.74296875 0.5515625 0.0296875 0.02890625
1 0.86171875 0.7171875 0.034375 0.03203125
1 0.83046875 0.5515625 0.03125 0.028125
1 0.65 0.56015625 0.03046875 0.0296875
1 0.54765625 0.52109375 0.02890625 0.02890625
0 0.6375 0.50234375 0.02890625 0.028125
1 0.64375 0.4703125 0.028125 0.02890625