1 0.5510474537037038 0.47809606481481487 0.034629629629629476 0.035648148148148096
0 0.27759837962962963 0.7827256944444445 0.042488425925925985 0.0421875
1 0.4956018518518519 0.47916666666666663 0.033067129629629474 0.03559027777777786
1 0.4967476851851852 0.5284143518518519 0.034629629629629656 0.035648148148148096
1 0.5668460648148148 0.5021122685185185 0.034629629629629656 0.035648148148148096
1 0.5248553240740741 0.5271122685185186 0.033055555555555574 0.03402777777777786
1 0.5090682870370371 0.5046585648148149 0.034629629629629656 0.035648148148148096
1 0.5229340277777779 0.4786168981481481 0.034641203703703737 0.0372106481481481
1 0.5283449074074074 0.5764467592592594 0.033055555555555574 0.03402777777777786
1 0.5815046296296297 0.477662037037037 0.03619212962962966 0.03570601851851851
1 0.55375 0.5266203703703705 0.034629629629629476 0.035648148148148096
1 0.48173611111111114 0.5052083333333334 0.034629629629629476 0.035648148148148096
1 0.5398784722222223 0.551880787037037 0.03304398148148149 0.03246527777777786
1 0.5133217592592592 0.5516782407407408 0.034629629629629476 0.035648148148148096
1 0.5371759259259259 0.5033564814814815 0.03620370370370374 0.03726851851851851
1 0.4667071759259259 0.4796585648148149 0.033067129629629655 0.03559027777777786