1 0.6984375 0.29375 0.0296875 0.03046875
1 0.69296875 0.384375 0.03125 0.03046875
1 0.64140625 0.57109375 0.02890625 0.02890625
1 0.609375 0.56796875 0.028125 0.02890625
1 0.61484375 0.4859375 0.02890625 0.028125
1 0.6171875 0.7046875 0.03046875 0.03125
1 0.6734375 0.49375 0.02890625 0.028125
1 0.69921875 0.690625 0.0328125 0.03359375
0 0.765625 0.7125 0.03359375 0.03203125
1 0.6578125 0.4671875 0.0296875 0.0296875
1 0.6609375 0.53125 0.02890625 0.02890625
1 0.77109375 0.31640625 0.03359375 0.03125
1 0.575 0.61953125 0.02890625 0.03046875
1 0.665625 0.59140625 0.0296875 0.02890625
1 0.590625 0.453125 0.0265625 0.0265625
1 0.61796875 0.5203125 0.02890625 0.028125