1 0.36953125 0.421875 0.03046875 0.03046875
1 0.45078125 0.49453125 0.02890625 0.02890625
1 0.5125 0.478125 0.028125 0.02890625
1 0.6765625 0.42734375 0.0296875 0.0296875
1 0.703125 0.40703125 0.02890625 0.02890625
1 0.8078125 0.4046875 0.03125 0.02890625
1 0.4328125 0.43203125 0.028125 0.0296875
1 0.5890625 0.38359375 0.02890625 0.0296875
1 0.77421875 0.4609375 0.03046875 0.0234375
1 0.76015625 0.52734375 0.03046875 0.02421875
0 0.75859375 0.36875 0.03125 0.03125
1 0.81484375 0.53828125 0.0328125 0.02734375
1 0.803125 0.4640625 0.0265625 0.01953125