1 0.69296875 0.55703125 0.0296875 0.03125
1 0.64453125 0.5015625 0.028125 0.02890625
1 0.66875 0.48671875 0.02890625 0.028125
1 0.6671875 0.4578125 0.03125 0.0296875
1 0.64453125 0.53046875 0.0296875 0.02890625
1 0.69296875 0.471875 0.02890625 0.028125
1 0.6203125 0.4875 0.028125 0.02890625
1 0.69453125 0.5296875 0.028125 0.028125
1 0.64375 0.47265625 0.028125 0.02734375
1 0.66875 0.51484375 0.0296875 0.02890625
1 0.6203125 0.51640625 0.02890625 0.028125
1 0.69296875 0.50078125 0.02890625 0.028125
1 0.6921875 0.44375 0.02890625 0.02890625
1 0.5953125 0.5015625 0.02734375 0.02890625
0 0.24296875 0.48359375 0.03046875 0.0296875
1 0.66953125 0.5453125 0.028125 0.028125