1 0.33984375 0.4756076388888889 0.03833333333333329 0.03673611111111121
1 0.37432291666666667 0.44282986111111117 0.03989583333333328 0.03677083333333329
1 0.34942708333333333 0.5608506944444445 0.03656249999999996 0.03357638888888879
1 0.30890625 0.5147048611111111 0.03656249999999996 0.03357638888888879
1 0.32999999999999996 0.5385763888888888 0.03822916666666672 0.03517361111111121
1 0.355 0.5274305555555555 0.033333333333333395 0.03194444444444446
1 0.348125 0.44770833333333326 0.035104166666666714 0.035104166666666714
1 0.28718750000000004 0.4931597222222222 0.03166666666666664 0.030347222222222213
1 0.33484375 0.5059201388888889 0.03822916666666672 0.03517361111111104
1 0.31963541666666667 0.4533159722222223 0.036666666666666715 0.03513888888888879
1 0.36838541666666663 0.47078124999999993 0.03833333333333329 0.03673611111111121
1 0.36156249999999995 0.49715277777777783 0.03979166666666671 0.035208333333333286
0 0.4804166666666667 0.7236805555555555 0.03833333333333329 0.03673611111111121
1 0.3130729166666667 0.48359375 0.03656249999999996 0.03357638888888896
1 0.2928645833333333 0.46130208333333333 0.033333333333333395 0.03194444444444446
1 0.2665625 0.4763194444444444 0.03125 0.024097222222222214