1 0.46640625 0.6984375 0.028125 0.0296875
1 0.68359375 0.71328125 0.03046875 0.03125
1 0.79296875 0.3421875 0.03203125 0.03125
1 0.53125 0.69609375 0.02890625 0.03125
1 0.64765625 0.67578125 0.02890625 0.0296875
1 0.53984375 0.35546875 0.02890625 0.03046875
1 0.396875 0.665625 0.0296875 0.03046875
1 0.503125 0.459375 0.02734375 0.0265625
1 0.44765625 0.34609375 0.028125 0.03046875
1 0.27578125 0.69296875 0.03125 0.03125
1 0.38828125 0.2828125 0.0296875 0.03125
1 0.471875 0.6 0.02734375 0.02734375