1 0.74296875 0.6079861111111111 0.0359375 0.03726851851851869
1 0.77421875 0.6091435185185186 0.0359375 0.03570601851851851
1 0.81953125 0.5592592592592592 0.0375 0.03732638888888893
1 0.89453125 0.818287037037037 0.04375 0.04224537037037024
1 0.7203125 0.6258969907407408 0.0359375 0.03570601851851851
1 0.83046875 0.608101851851852 0.0390625 0.037384259259259166
1 0.7984375 0.5866030092592592 0.0375 0.03732638888888893
1 0.790625 0.6769386574074074 0.0375 0.03732638888888893
1 0.93046875 0.6282118055555556 0.040625 0.039004629629629764
0 0.76015625 0.5234664351851852 0.0375 0.03732638888888893
1 0.90078125 0.6692997685185185 0.0421875 0.0390625
1 0.759375 0.6328125 0.034375 0.034085648148148094
1 0.93046875 0.6868055555555556 0.0359375 0.03570601851851851
1 0.88515625 0.6413773148148149 0.040625 0.039004629629629764
1 0.9265625 0.6561921296296296 0.0390625 0.037384259259259166
1 0.903125 0.613917824074074 0.0375 0.03576388888888893