1 0.6201099537037037 0.3670775462962963 0.03859953703703702 0.03620370370370374
1 0.739554398148148 0.6308912037037037 0.040162037037037024 0.03621527777777782
0 0.6876157407407407 0.41498842592592594 0.03848379629629637 0.034641203703703737
1 0.10601851851851851 0.4872280092592593 0.04004629629629628 0.034652777777777644
1 0.465480324074074 0.2831134259259259 0.03703703703703702 0.03619212962962966
1 0.5344618055555556 0.3638078703703703 0.03703703703703702 0.03619212962962966
1 0.4521701388888889 0.4838831018518519 0.03848379629629619 0.034641203703703737
1 0.7314525462962963 0.7402662037037037 0.040162037037037024 0.03621527777777782
1 0.4376736111111111 0.26848379629629626 0.03703703703703702 0.03619212962962966
1 0.40164930555555556 0.28046296296296297 0.040162037037037024 0.03621527777777782
1 0.2505208333333333 0.5392534722222222 0.030555555555555537 0.03302083333333332
1 0.4859664351851851 0.5757696759259259 0.03692129629629619 0.034629629629629656
1 0.4867476851851852 0.4703530092592592 0.03859953703703702 0.03620370370370374