1 0.83671875 0.603125 0.03046875 0.028125
1 0.940625 0.6390625 0.0359375 0.02890625
1 0.80703125 0.63125 0.03203125 0.0296875
1 0.36640625 0.328125 0.03046875 0.03046875
1 0.74296875 0.5875 0.03046875 0.02890625
1 0.3671875 0.36328125 0.02890625 0.03046875
1 0.6953125 0.409375 0.0296875 0.02890625
1 0.3859375 0.45 0.03125 0.03046875
1 0.4390625 0.6125 0.02890625 0.0296875
1 0.90390625 0.6671875 0.0328125 0.028125
1 0.46484375 0.47890625 0.028125 0.0296875
1 0.3875 0.571875 0.03046875 0.0296875
0 0.0984375 0.59375 0.03671875 0.03125
1 0.953125 0.575 0.03515625 0.03046875
1 0.3015625 0.4734375 0.03046875 0.0296875
1 0.4453125 0.45546875 0.03046875 0.03046875