1 0.1 0.6879976851851852 0.0453125 0.04453703703703695
1 0.33125 0.6960821759259259 0.040625 0.04116898148148138
1 0.17890625 0.7147453703703703 0.0421875 0.04281249999999996
1 0.47265625 0.4276331018518519 0.0375 0.039444444444444574
0 0.47265625 0.7112268518518519 0.0390625 0.03952546296296298
1 0.0515625 0.5073611111111112 0.0453125 0.04453703703703695
1 0.240625 0.8281018518518518 0.0421875 0.04281250000000014
1 0.85703125 0.4303761574074074 0.0421875 0.04281249999999996
1 0.65859375 0.31071180555555555 0.040625 0.04116898148148147
1 0.14609375 0.7466377314814816 0.040625 0.03960648148148138
1 0.1265625 0.50109375 0.0421875 0.04281249999999996
1 0.14609375 0.4380439814814815 0.0421875 0.045937499999999964
1 0.19453125 0.5178993055555555 0.0421875 0.044375000000000143
1 0.7375 0.5093344907407407 0.046875 0.04618055555555554
1 0.54453125 0.7383912037037037 0.0375 0.041006944444444395