1 0.2 0.5703125 0.0328125 0.03125
1 0.2234375 0.4984375 0.03125 0.028125
1 0.25 0.540625 0.03203125 0.02890625
1 0.22578125 0.55625 0.0328125 0.0296875
1 0.225 0.5265625 0.03125 0.02890625
1 0.25 0.5125 0.0296875 0.028125
1 0.19921875 0.540625 0.03046875 0.028125
1 0.3 0.5109375 0.03125 0.0296875
1 0.27421875 0.5265625 0.03046875 0.03046875
1 0.275 0.496875 0.03046875 0.02890625
1 0.19921875 0.4546875 0.03515625 0.03125
1 0.1984375 0.5125 0.03046875 0.0265625
1 0.2234375 0.46875 0.03203125 0.03046875
1 0.1984375 0.484375 0.0296875 0.02890625
1 0.24921875 0.4828125 0.03125 0.02890625
0 0.5921875 0.496875 0.03125 0.03203125