1 0.21113425925925924 0.4134201388888889 0.03166666666666664 0.028819444444444463
1 0.1891087962962963 0.42309027777777775 0.030104166666666644 0.028784722222222215
1 0.20495370370370375 0.5140972222222222 0.03322916666666664 0.028854166666666715
1 0.4966724537037037 0.4994791666666667 0.03168981481481481 0.030381944444444465
1 0.46682291666666664 0.40425347222222224 0.02856481481481481 0.030312499999999964
1 0.5984259259259259 0.43609375000000006 0.028541666666666642 0.028750000000000143
1 0.6913888888888888 0.49130208333333336 0.030127314814814808 0.030347222222222213
1 0.7375636574074074 0.4868576388888889 0.028518518518518478 0.027187499999999965
1 0.763912037037037 0.5546527777777778 0.030104166666666644 0.028784722222222215
1 0.6683854166666666 0.5142361111111111 0.026956018518518476 0.027152777777777713
1 0.7517881944444444 0.5817361111111111 0.030104166666666644 0.028784722222222215
1 0.7774305555555555 0.5916840277777778 0.030081018518518476 0.027222222222222214
1 0.7058738425925926 0.5158506944444444 0.03166666666666664 0.028819444444444463
1 0.7148668981481482 0.4363368055555556 0.028518518518518478 0.027187500000000142
0 0.8688831018518519 0.69609375 0.03166666666666664 0.028819444444444463