0 0.1506076388888889 0.7508854166666667 0.038831018518518515 0.03760416666666657
1 0.1720775462962963 0.488125 0.03564814814814814 0.03590277777777793
1 0.2502893518518518 0.5103819444444444 0.03240740740740744 0.032638888888888926
1 0.3197337962962963 0.4313020833333333 0.032465277777777767 0.03420138888888893
1 0.2775752314814815 0.5342881944444444 0.03402777777777777 0.03427083333333343
1 0.3239872685185185 0.46435763888888887 0.032465277777777767 0.03420138888888893
1 0.26669560185185187 0.42659722222222224 0.03402777777777777 0.03427083333333343
1 0.2962962962962963 0.4725173611111111 0.03084490740740744 0.03256944444444443
1 0.15946180555555556 0.7019791666666666 0.03564814814814814 0.03590277777777775
1 0.26261574074074073 0.4733680555555555 0.03402777777777777 0.03427083333333343
1 0.2926215277777778 0.3604513888888889 0.03402777777777777 0.03427083333333334
1 0.22870370370370371 0.5649826388888888 0.03402777777777786 0.03427083333333343
1 0.2835358796296296 0.33109375 0.03402777777777777 0.03427083333333334
1 0.11235532407407407 0.76953125 0.03877314814814814 0.03604166666666675
1 0.20043402777777777 0.5676388888888889 0.03402777777777777 0.03427083333333343