1 0.6953125 0.41015625 0.0296875 0.02890625
1 0.453125 0.459375 0.02890625 0.02890625
1 0.80703125 0.63203125 0.0328125 0.03125
0 0.7515625 0.478125 0.03046875 0.028125
1 0.4203125 0.4546875 0.02890625 0.0296875
1 0.74296875 0.5875 0.0296875 0.02890625
1 0.925 0.45703125 0.034375 0.0296875
1 0.3671875 0.36328125 0.02890625 0.03125
1 0.8359375 0.603125 0.03046875 0.02890625
1 0.9546875 0.57421875 0.03515625 0.03125
1 0.36640625 0.32734375 0.03046875 0.03125
1 0.7828125 0.490625 0.03125 0.028125
1 0.878125 0.44765625 0.03359375 0.02890625
1 0.94140625 0.6390625 0.0375 0.0296875
1 0.8734375 0.49453125 0.03203125 0.028125
1 0.9046875 0.6671875 0.0328125 0.028125