1 0.4003993055555556 0.5712962962962964 0.033784722222222285 0.034513888888889
1 0.6972974537037037 0.5551215277777778 0.03373842592592595 0.03295138888888882
1 0.3565914351851852 0.3122511574074074 0.033784722222222195 0.03451388888888882
1 0.16967592592592592 0.38122685185185184 0.03851851851851853 0.03631944444444439
0 0.24905671296296297 0.4137731481481481 0.03373842592592595 0.032951388888889
1 0.18987268518518519 0.27877314814814813 0.03534722222222224 0.03459490740740741
1 0.3821701388888889 0.60734375 0.032175925925925955 0.03287037037037042
1 0.5875462962962963 0.49450810185185184 0.030567129629629618 0.031226851851851832
1 0.5405671296296296 0.34249421296296295 0.030613425925925954 0.03278935185185183
1 0.5872453703703704 0.2940509259259259 0.030659722222222286 0.034351851851851835
1 0.25820601851851854 0.4998842592592593 0.03530092592592595 0.033032407407407406
1 0.23388888888888887 0.63609375 0.03373842592592595 0.032951388888889
1 0.7545775462962963 0.5700925925925926 0.03212962962962962 0.031307870370370416
1 0.03546875000000001 0.5668171296296297 0.03847222222222222 0.03475694444444457
1 0.26728587962962963 0.3777256944444444 0.033784722222222285 0.03451388888888891