1 0.275 0.49609375 0.03203125 0.03046875
1 0.353125 0.50625 0.03203125 0.03203125
1 0.64609375 0.6359375 0.03203125 0.03125
1 0.88046875 0.5734375 0.0359375 0.03046875
1 0.88671875 0.61171875 0.0359375 0.03203125
1 0.90625 0.43828125 0.03671875 0.0296875
1 0.92734375 0.371875 0.0375 0.03359375
1 0.81875 0.31171875 0.034375 0.0328125
1 0.8671875 0.2921875 0.0375 0.03203125
1 0.70390625 0.70546875 0.03203125 0.0328125
1 0.5609375 0.31640625 0.03046875 0.03125
1 0.47734375 0.35234375 0.02890625 0.03125
0 0.5953125 0.359375 0.03203125 0.03125
1 0.775 0.403125 0.03359375 0.03125
1 0.84375 0.55703125 0.0359375 0.03203125