1 0.73515625 0.521875 0.03125 0.03046875
1 0.31328125 0.52421875 0.0296875 0.02890625
1 0.5375 0.5625 0.02890625 0.0296875
1 0.2953125 0.36484375 0.03125 0.03046875
1 0.41484375 0.57109375 0.02890625 0.028125
1 0.3765625 0.615625 0.03046875 0.0296875
1 0.22890625 0.48828125 0.03203125 0.03046875
1 0.25625 0.5359375 0.03046875 0.02890625
1 0.38828125 0.45390625 0.03046875 0.03046875
1 0.36875 0.421875 0.02890625 0.02890625
1 0.428125 0.53515625 0.0296875 0.0296875
1 0.4609375 0.52890625 0.028125 0.028125
1 0.36796875 0.534375 0.0296875 0.0296875
0 0.35234375 0.36875 0.0296875 0.02890625
1 0.20703125 0.34609375 0.0328125 0.03203125
1 0.3875 0.69140625 0.0296875 0.02734375