1 0.4578125 0.7109375 0.028125 0.03125
1 0.56953125 0.48125 0.03046875 0.02890625
1 0.72578125 0.56484375 0.028125 0.028125
1 0.87421875 0.534375 0.03359375 0.0296875
1 0.4734375 0.5140625 0.03203125 0.0296875
1 0.60625 0.42421875 0.0296875 0.028125
1 0.58359375 0.3375 0.0296875 0.02890625
1 0.7328125 0.35625 0.03125 0.02890625
1 0.5171875 0.33359375 0.028125 0.0296875
0 0.4828125 0.5953125 0.0296875 0.03046875
1 0.49765625 0.478125 0.02734375 0.02890625
1 0.42890625 0.490625 0.03125 0.02890625
1 0.57109375 0.4484375 0.0296875 0.02890625
1 0.46796875 0.54609375 0.03203125 0.03046875