1 0.74296875 0.58828125 0.0296875 0.0296875
1 0.8359375 0.603125 0.03046875 0.028125
1 0.80703125 0.63125 0.03203125 0.03046875
1 0.94140625 0.6390625 0.03515625 0.0296875
1 0.390625 0.45 0.03046875 0.0296875
0 0.134375 0.5625 0.0359375 0.03125
1 0.69453125 0.41015625 0.02890625 0.028125
1 0.90390625 0.6671875 0.0328125 0.02890625
1 0.4875 0.5859375 0.03046875 0.03046875
1 0.46484375 0.478125 0.028125 0.0296875
1 0.3671875 0.328125 0.0296875 0.03046875
1 0.95234375 0.575 0.03515625 0.03046875
1 0.3671875 0.3625 0.02890625 0.03046875
1 0.43828125 0.55546875 0.02890625 0.028125
1 0.371875 0.48671875 0.0296875 0.0296875
1 0.44453125 0.45546875 0.03046875 0.03046875