1 0.396875 0.30703125 0.03046875 0.03125
0 0.3015625 0.4625 0.0296875 0.028125
1 0.72109375 0.5765625 0.03046875 0.0296875
1 0.425 0.59765625 0.03046875 0.03046875
1 0.60390625 0.51875 0.02890625 0.0296875
1 0.5546875 0.36953125 0.02890625 0.02890625
1 0.3296875 0.50546875 0.02890625 0.028125
1 0.29765625 0.34453125 0.03125 0.0296875
1 0.1734375 0.41328125 0.034375 0.0296875
1 0.30703125 0.60625 0.03046875 0.03046875
1 0.58515625 0.31953125 0.02890625 0.03046875
1 0.40703125 0.628125 0.03046875 0.0296875
1 0.05859375 0.60078125 0.03515625 0.0296875
1 0.78046875 0.590625 0.02890625 0.02734375
1 0.29453125 0.43359375 0.03125 0.02890625