1 0.475 0.4421875 0.028125 0.02890625
1 0.3234375 0.496875 0.0296875 0.028125
1 0.5109375 0.48671875 0.028125 0.028125
1 0.6453125 0.4046875 0.02890625 0.02890625
1 0.39609375 0.52734375 0.02890625 0.028125
1 0.275 0.49609375 0.03125 0.0296875
1 0.33984375 0.57890625 0.03046875 0.0296875
1 0.05234375 0.4453125 0.03671875 0.02890625
0 0.3296875 0.71171875 0.03125 0.03125
1 0.40546875 0.6203125 0.028125 0.028125
1 0.4640625 0.53203125 0.0296875 0.02890625
1 0.44453125 0.5109375 0.02890625 0.02734375
1 0.34921875 0.5296875 0.02890625 0.02890625
1 0.40859375 0.57109375 0.028125 0.0234375
1 0.684375 0.478125 0.03125 0.02890625
1 0.08359375 0.56796875 0.03359375 0.02890625