0 0.10390625 0.70859375 0.03515625 0.03125
1 0.39609375 0.51484375 0.02890625 0.02734375
1 0.37421875 0.39921875 0.02890625 0.02890625
1 0.28046875 0.40390625 0.0328125 0.03046875
1 0.465625 0.47734375 0.03046875 0.02890625
1 0.475 0.6375 0.028125 0.03125
1 0.32421875 0.4859375 0.0296875 0.02890625
1 0.15078125 0.53125 0.0328125 0.0296875
1 0.6953125 0.41015625 0.03046875 0.0296875
1 0.52109375 0.65 0.02890625 0.03046875
1 0.34375 0.421875 0.03046875 0.03046875
1 0.2734375 0.67890625 0.028125 0.028125
1 0.215625 0.534375 0.03125 0.0296875
1 0.25859375 0.46796875 0.03125 0.0296875
1 0.28046875 0.58359375 0.02890625 0.028125
1 0.64453125 0.55390625 0.0296875 0.0296875