1 0.88203125 0.4875 0.034375 0.03046875
1 0.79296875 0.3421875 0.0328125 0.03125
1 0.85625 0.4421875 0.0359375 0.03203125
1 0.9234375 0.4921875 0.0375 0.02890625
1 0.353125 0.39296875 0.02890625 0.03046875
1 0.915625 0.52421875 0.03359375 0.0296875
1 0.34921875 0.36484375 0.0296875 0.03046875
1 0.81484375 0.62109375 0.0328125 0.02890625
1 0.91875 0.55390625 0.0375 0.03046875
1 0.7375 0.57109375 0.03046875 0.02890625
1 0.784375 0.596875 0.03203125 0.02890625
1 0.72578125 0.6 0.03125 0.02890625
0 0.69375 0.6375 0.0296875 0.0296875
1 0.528125 0.665625 0.03046875 0.03203125
1 0.6625 0.68828125 0.0296875 0.03046875