1 0.28350694444444446 0.42865162037037036 0.03240740740740744 0.03171296296296298
1 0.6092592592592593 0.3287326388888889 0.03402777777777786 0.03329861111111114
1 0.6095196759259259 0.36391203703703706 0.03240740740740726 0.03171296296296298
1 0.5140335648148148 0.5360300925925926 0.03084490740740744 0.03168981481481481
1 0.5475694444444444 0.6225115740740741 0.03246527777777786 0.03327546296296298
1 0.599392361111111 0.5740335648148148 0.030729166666666786 0.02856481481481481
1 0.426099537037037 0.5464525462962964 0.030787037037037022 0.030127314814814808
1 0.5167824074074074 0.48291666666666666 0.030844907407407262 0.03168981481481481
1 0.4810185185185185 0.5832233796296296 0.029224537037037025 0.030104166666666644
1 0.4054108796296296 0.5985185185185184 0.03084490740740744 0.03168981481481481
1 0.5937789351851851 0.45122685185185185 0.03402777777777786 0.03329861111111114
1 0.288744212962963 0.5827199074074074 0.03240740740740744 0.03171296296296298
1 0.5415219907407407 0.5114236111111111 0.032349537037037024 0.030150462962962976
1 0.5537905092592592 0.4334375 0.03402777777777786 0.03329861111111114
1 0.6911168981481481 0.4612673611111111 0.03396990740740726 0.031736111111111145
0 0.7640914351851852 0.6225925925925926 0.03553240740740744 0.031759259259259306