1 0.778125 0.6140625 0.0328125 0.03125
1 0.82109375 0.515625 0.03125 0.0296875
1 0.51328125 0.478125 0.02890625 0.02890625
1 0.36953125 0.42265625 0.0296875 0.0296875
1 0.4515625 0.49453125 0.028125 0.02890625
1 0.7546875 0.48671875 0.0296875 0.02890625
1 0.66953125 0.46796875 0.03125 0.0296875
1 0.6765625 0.53046875 0.02890625 0.02734375
1 0.60234375 0.3328125 0.028125 0.0296875
0 0.7125 0.46875 0.0296875 0.028125
1 0.43359375 0.43125 0.02890625 0.03046875
1 0.765625 0.52421875 0.03046875 0.0296875
1 0.71953125 0.553125 0.03046875 0.02890625
1 0.73359375 0.43828125 0.028125 0.028125
1 0.67578125 0.43671875 0.02734375 0.0265625