1 0.37071759259259257 0.5519675925925925 0.040567129629629585 0.04207175925925917
1 0.22526041666666669 0.29701967592592593 0.04369212962962958 0.0421875
1 0.6466435185185185 0.6850115740740741 0.042129629629629586 0.04212962962962976
1 0.6252025462962962 0.5035011574074074 0.03888888888888893 0.03888888888888893
1 0.5675636574074074 0.5811631944444444 0.03732638888888893 0.038831018518518515
1 0.42725694444444445 0.5039930555555555 0.04050925925925917 0.04050925925925917
0 0.3798611111111111 0.47407407407407404 0.04050925925925926 0.04050925925925917
1 0.6929398148148148 0.7234953703703704 0.042129629629629586 0.04212962962962976
1 0.6378761574074074 0.3936631944444445 0.03894675925925917 0.040451388888888926
1 0.681394675925926 0.5705150462962963 0.04050925925925917 0.04050925925925917
1 0.7249710648148149 0.5768229166666667 0.043634259259259164 0.040625
1 0.04097222222222222 0.4145833333333334 0.046875 0.04386574074074083
1 0.6853877314814815 0.526070601851852 0.042129629629629586 0.04212962962962976
1 0.5147569444444444 0.48611111111111105 0.04050925925925917 0.04050925925925917
1 0.7439525462962964 0.6135127314814814 0.04207175925925917 0.040567129629629585