1 0.6390625 0.6090104166666667 0.03125 0.033333333333333215
1 0.14921875 0.5107291666666667 0.0375 0.03531250000000004
1 0.340625 0.6125520833333333 0.034375 0.035104166666666714
1 0.4265625 0.6409374999999999 0.0328125 0.03499999999999996
1 0.30859375 0.4893229166666666 0.0328125 0.03500000000000014
1 0.70234375 0.4749479166666667 0.0328125 0.03500000000000014
1 0.3828125 0.3419270833333333 0.0328125 0.03499999999999996
1 0.46640625 0.50609375 0.03125 0.033333333333333215
1 0.35859375 0.49187499999999995 0.03125 0.033333333333333215
1 0.378125 0.5548958333333334 0.0296875 0.03166666666666664
1 0.390625 0.4666666666666666 0.0328125 0.03500000000000014
1 0.365625 0.36421875000000004 0.0328125 0.03499999999999996
1 0.40390625 0.5675520833333334 0.03125 0.033333333333333215
1 0.4046875 0.3793229166666666 0.0328125 0.03656249999999996
0 0.21171875 0.6188020833333333 0.034375 0.03354166666666671
1 0.284375 0.45567708333333334 0.034375 0.035104166666666714