1 0.79609375 0.6078125 0.03046875 0.02890625
1 0.51328125 0.60625 0.02890625 0.0296875
1 0.64375 0.55390625 0.03046875 0.03046875
0 0.10390625 0.70859375 0.03515625 0.03125
1 0.8796875 0.5328125 0.03359375 0.03125
1 0.47421875 0.6375 0.028125 0.0296875
1 0.6328125 0.43046875 0.0296875 0.02890625
1 0.37578125 0.33046875 0.0296875 0.03046875
1 0.2734375 0.675 0.034375 0.03359375
1 0.15078125 0.53203125 0.0328125 0.02890625
1 0.52109375 0.64921875 0.0296875 0.03125
1 0.4359375 0.69296875 0.0296875 0.02890625
1 0.284375 0.49375 0.0296875 0.0296875
1 0.6671875 0.38359375 0.03125 0.03125
1 0.8234375 0.496875 0.03203125 0.0296875
1 0.7703125 0.35078125 0.03125 0.03203125