1 0.7719618055555555 0.5959432870370371 0.04631944444444436 0.045648148148148236
1 0.4699826388888889 0.4036168981481481 0.03993055555555554 0.0393518518518519
1 0.3000173611111111 0.8424479166666667 0.04631944444444445 0.045648148148148236
1 0.6804861111111111 0.5934953703703704 0.03993055555555554 0.0393518518518519
1 0.3676736111111111 0.6169097222222222 0.04152777777777779 0.04092592592592581
1 0.28434027777777776 0.8050578703703704 0.04468750000000003 0.04251157407407433
1 0.5483159722222222 0.44757523148148143 0.04152777777777779 0.04092592592592581
1 0.6392361111111111 0.49534722222222227 0.04149305555555571 0.03936342592592581
1 0.23041666666666666 0.7343518518518518 0.04468750000000003 0.04251157407407398
1 0.8482465277777778 0.33674189814814814 0.04468749999999986 0.04251157407407415
1 0.9588888888888889 0.46328703703703705 0.04468749999999986 0.04251157407407415