1 0.79296875 0.3421875 0.03203125 0.03046875
1 0.528125 0.665625 0.0296875 0.03125
1 0.34921875 0.36484375 0.0296875 0.03046875
1 0.353125 0.39296875 0.02890625 0.03046875
1 0.78359375 0.596875 0.03125 0.0265625
1 0.6625 0.6890625 0.0296875 0.03125
1 0.85625 0.4421875 0.03515625 0.03125
1 0.88125 0.48828125 0.034375 0.03046875
1 0.834375 0.5703125 0.0328125 0.028125
1 0.890625 0.540625 0.03515625 0.0296875
1 0.9203125 0.54921875 0.03359375 0.0296875
1 0.94375 0.5984375 0.0390625 0.0296875
1 0.72578125 0.596875 0.03203125 0.03046875
1 0.9515625 0.4765625 0.03671875 0.028125