0 0.10390625 0.70859375 0.03515625 0.03125
1 0.475 0.6375 0.028125 0.0296875
1 0.79609375 0.60859375 0.03125 0.0296875
1 0.51328125 0.60625 0.02890625 0.02890625
1 0.52109375 0.65 0.02890625 0.03046875
1 0.37578125 0.33046875 0.0296875 0.03125
1 0.88046875 0.5328125 0.03515625 0.03125
1 0.63359375 0.4296875 0.02890625 0.028125
1 0.15078125 0.53203125 0.03203125 0.0296875
1 0.64375 0.55390625 0.0296875 0.02890625
1 0.43671875 0.6921875 0.02890625 0.0296875
1 0.66875 0.3828125 0.028125 0.028125
1 0.7703125 0.35 0.028125 0.03046875
1 0.28515625 0.49375 0.0296875 0.0296875
1 0.825 0.49609375 0.0328125 0.02890625
1 0.27421875 0.6765625 0.03203125 0.03046875