0 0.6478472222222222 0.8358217592592594 0.0433912037037036 0.0421875
1 0.6020717592592593 0.638599537037037 0.04343749999999993 0.04375
1 0.7151215277777778 0.650607638888889 0.04499999999999993 0.04380787037037024
1 0.7002951388888888 0.6758680555555555 0.04343749999999993 0.04375
1 0.6293229166666666 0.6427372685185185 0.04021990740740744 0.04050925925925917
1 0.6247395833333333 0.6918402777777779 0.04021990740740726 0.04050925925925917
1 0.6660706018518519 0.7223090277777777 0.03861111111111111 0.03888888888888893
1 0.6824363425925926 0.6978877314814815 0.03861111111111111 0.03888888888888893
1 0.6474768518518518 0.7427372685185185 0.040266203703703596 0.04207175925925917
1 0.6706770833333333 0.6724247685185185 0.04499999999999993 0.043807870370370414
1 0.6114178240740741 0.6663194444444445 0.04021990740740744 0.04050925925925917
1 0.6846759259259259 0.6486979166666667 0.04021990740740744 0.04050925925925917
1 0.6574247685185185 0.6445601851851852 0.04499999999999993 0.043807870370370414
1 0.6418634259259259 0.6682291666666667 0.03861111111111111 0.03888888888888893
1 0.6543113425925926 0.6968460648148149 0.03861111111111111 0.03888888888888893
1 0.6364756944444444 0.7180844907407408 0.0418287037037036 0.042129629629629586