1 0.6732118055555556 0.35824652777777777 0.03806712962962955 0.03859953703703702
1 0.6836400462962964 0.5795138888888889 0.03641203703703688 0.03692129629629619
1 0.7380671296296296 0.5482349537037037 0.03797453703703706 0.03703703703703702
1 0.8167708333333333 0.5972222222222222 0.04119212962962955 0.038831018518518515
1 0.7574247685185185 0.6320601851851851 0.03962962962962955 0.038715277777777855
1 0.7531655092592593 0.4920717592592593 0.03797453703703706 0.03703703703703702
0 0.7289293981481482 0.31843171296296297 0.039722222222222214 0.040277777777777767
1 0.8753761574074075 0.4689525462962963 0.04119212962962955 0.038831018518518515
1 0.672957175925926 0.7333043981481481 0.03650462962962955 0.03848379629629619
1 0.7622337962962963 0.6700810185185185 0.041284722222222216 0.04039351851851851
1 0.7392997685185184 0.35529513888888886 0.03962962962962955 0.038715277777777765
1 0.7203009259259259 0.3978298611111111 0.03962962962962955 0.038715277777777765
1 0.7285358796296297 0.6958333333333334 0.03806712962962955 0.03859953703703702
1 0.6835706018518518 0.3158564814814815 0.03797453703703706 0.03703703703703702
1 0.8266608796296296 0.36412037037037037 0.042754629629629545 0.03894675925925926
1 0.875474537037037 0.6659143518518519 0.04293981481481488 0.04207175925925917