1 0.38671875 0.68046875 0.0296875 0.0296875
1 0.446875 0.5359375 0.028125 0.0296875
1 0.44296875 0.3578125 0.03125 0.0328125
1 0.4375 0.40390625 0.028125 0.02890625
1 0.4453125 0.465625 0.028125 0.0296875
1 0.3890625 0.47421875 0.02734375 0.0296875
1 0.4234375 0.5609375 0.02890625 0.02890625
1 0.36875 0.421875 0.03046875 0.03046875
1 0.4765625 0.51953125 0.028125 0.02890625
1 0.3953125 0.58515625 0.03046875 0.02890625
1 0.43125 0.4359375 0.02890625 0.0296875
1 0.73515625 0.521875 0.03046875 0.02890625
1 0.41640625 0.47734375 0.02890625 0.02890625
1 0.5375 0.5625 0.02890625 0.0296875
1 0.4875 0.46171875 0.02890625 0.0296875
0 0.47109375 0.41875 0.02890625 0.02890625