1 0.38515625 0.60859375 0.0296875 0.0296875
1 0.384375 0.5171875 0.02890625 0.0296875
1 0.38984375 0.484375 0.0296875 0.02890625
1 0.46640625 0.51015625 0.02890625 0.02890625
1 0.36015625 0.484375 0.02890625 0.02890625
1 0.42578125 0.55546875 0.028125 0.02890625
1 0.41640625 0.60625 0.02734375 0.02890625
1 0.41953125 0.46875 0.02890625 0.028125
1 0.415625 0.515625 0.0296875 0.0296875
1 0.39609375 0.56015625 0.03046875 0.03125
1 0.40390625 0.43046875 0.0296875 0.02890625
1 0.33125 0.40546875 0.03125 0.0296875
0 0.44921875 0.4375 0.0296875 0.02890625
1 0.365625 0.67265625 0.03125 0.0328125
1 0.425 0.3890625 0.03046875 0.03046875
1 0.334375 0.37109375 0.03125 0.03125