1 0.4927083333333334 0.3947222222222222 0.03197916666666671 0.03304398148148149
1 0.6287499999999999 0.35387731481481477 0.03354166666666671 0.033055555555555574
1 0.815642361111111 0.7313368055555556 0.039861111111111215 0.036226851851851906
1 0.3511284722222222 0.33328125000000003 0.03354166666666671 0.033055555555555574
1 0.8403645833333332 0.6030497685185185 0.03663194444444429 0.03151620370370374
1 0.07824652777777777 0.34545717592592595 0.03979166666666667 0.0331018518518519
1 0.8677777777777778 0.6348726851851852 0.03826388888888914 0.034652777777777644
1 0.15711805555555555 0.45188657407407407 0.038263888888888875 0.034652777777777824
0 0.1123611111111111 0.49752314814814813 0.038263888888888875 0.034652777777777824
1 0.05756944444444445 0.39716435185185184 0.04138888888888888 0.0346759259259259
1 0.09508680555555556 0.43125578703703704 0.03666666666666667 0.033078703703703735
1 0.07125 0.4845486111111111 0.03815972222222221 0.029965277777777643