1 0.27223958333333337 0.4883391203703704 0.04092592592592599 0.04212962962962976
1 0.25462962962962965 0.43923611111111105 0.0424884259259259 0.0421875
1 0.30617476851851855 0.4434895833333334 0.04092592592592599 0.04212962962962976
1 0.3614467592592593 0.4721064814814815 0.0409259259259259 0.042129629629629586
1 0.39892939814814815 0.4758391203703704 0.03934027777777773 0.03894675925925917
1 0.33108796296296295 0.45613425925925927 0.0409259259259259 0.042129629629629586
1 0.2810474537037037 0.45975115740740746 0.0393518518518519 0.04050925925925917
0 0.23781249999999998 0.49409722222222224 0.04092592592592599 0.042129629629629586
1 0.2578356481481482 0.533912037037037 0.0409143518518519 0.040567129629629585
1 0.2860011574074074 0.5294849537037037 0.0409259259259259 0.042129629629629586
1 0.30983217592592593 0.47722800925925934 0.0393518518518519 0.04050925925925917
1 0.3096064814814815 0.5076967592592593 0.03777777777777782 0.03888888888888893
1 0.3375810185185185 0.529050925925926 0.0393518518518519 0.04050925925925917
1 0.4073206018518518 0.5035011574074074 0.03778935185185191 0.040451388888888926
1 0.34093171296296293 0.49869791666666663 0.03778935185185191 0.040451388888888926