1 0.15390625 0.5546875 0.03359375 0.0296875
1 0.31484375 0.521875 0.03046875 0.02890625
1 0.734375 0.34765625 0.03046875 0.03125
1 0.63671875 0.346875 0.02890625 0.0296875
1 0.64765625 0.6109375 0.028125 0.0296875
0 0.384375 0.6765625 0.028125 0.0296875
1 0.54453125 0.45390625 0.0296875 0.0296875
1 0.52890625 0.42890625 0.028125 0.028125
1 0.3078125 0.71875 0.03203125 0.03359375
1 0.5578125 0.3015625 0.03046875 0.0328125
1 0.5 0.4640625 0.028125 0.0296875
1 0.4921875 0.43125 0.02890625 0.0265625
1 0.0921875 0.721875 0.034375 0.03125
1 0.28984375 0.50859375 0.03046875 0.02890625
1 0.05546875 0.70078125 0.0390625 0.0328125
1 0.82734375 0.63125 0.03203125 0.028125