1 0.932991898148148 0.5609375 0.045937500000000145 0.0421875
1 0.2349074074074074 0.5828125 0.042569444444444396 0.0375
1 0.4766956018518519 0.409375 0.03944444444444439 0.0375
1 0.9315914351851852 0.45859375 0.044212962962962975 0.0390625
1 0.13418402777777777 0.71953125 0.04741898148148147 0.040625
1 0.3409375 0.759375 0.04265046296296297 0.0390625
1 0.6349594907407408 0.3578125 0.039444444444444574 0.0375
1 0.19171875 0.65390625 0.044212962962962975 0.0390625
0 0.17270254629629628 0.67890625 0.04585648148148147 0.040625
1 0.23372685185185188 0.83125 0.04585648148148147 0.040625
1 0.8883506944444445 0.43828125 0.04092592592592581 0.0359375
1 0.2007928240740741 0.40703125 0.041006944444444395 0.0375