1 0.7109375 0.34921875 0.0296875 0.0296875
1 0.9359375 0.30859375 0.03125 0.03125
1 0.43671875 0.6921875 0.02890625 0.03046875
0 0.10390625 0.70859375 0.03671875 0.0328125
1 0.284375 0.49375 0.02890625 0.02890625
1 0.5203125 0.65 0.02890625 0.03203125
1 0.47421875 0.6375 0.0296875 0.03125
1 0.64453125 0.55390625 0.03046875 0.0296875
1 0.37578125 0.33046875 0.03125 0.03203125
1 0.74921875 0.43125 0.03046875 0.028125
1 0.15078125 0.53203125 0.03359375 0.03046875
1 0.753125 0.50625 0.03125 0.0296875
1 0.48828125 0.56484375 0.0296875 0.03046875
1 0.865625 0.4375 0.034375 0.02890625
1 0.74921875 0.46953125 0.03125 0.0296875
1 0.27421875 0.6765625 0.03125 0.03203125