1 0.07206597222222222 0.6561053240740741 0.03616898148148149 0.03258101851851851
1 0.17489583333333333 0.6124421296296296 0.033032407407407406 0.030902777777777855
1 0.20556134259259257 0.6378761574074074 0.03304398148148149 0.03246527777777786
1 0.12376736111111111 0.4619502314814815 0.03460648148148149 0.03252314814814809
1 0.17662037037037037 0.42326388888888894 0.03618055555555557 0.03414351851851851
1 0.10976851851851852 0.6820601851851851 0.03459490740740741 0.030960648148148095
1 0.23126736111111112 0.41576967592592595 0.03304398148148149 0.03246527777777786
0 0.2512962962962963 0.48223379629629626 0.031469907407407405 0.03084490740740744
1 0.17476273148148147 0.38347800925925923 0.03304398148148149 0.032465277777777767
1 0.15512152777777777 0.47485532407407405 0.03461805555555557 0.034085648148148094
1 0.07697916666666667 0.47540509259259256 0.03616898148148149 0.03258101851851851
1 0.26614583333333336 0.587962962962963 0.031469907407407405 0.03084490740740744
1 0.056753472222222226 0.5933738425925925 0.03616898148148149 0.03258101851851851
1 0.1311400462962963 0.5077835648148149 0.03459490740740741 0.030960648148148095
1 0.20769097222222221 0.3978877314814815 0.03304398148148149 0.032465277777777676
1 0.22170138888888888 0.4958333333333333 0.031469907407407405 0.03084490740740744