1 0.456087962962963 0.4465162037037037 0.03649305555555564 0.038564814814814774
1 0.49462962962962964 0.48282986111111115 0.03964120370370381 0.04021990740740744
1 0.45543402777777775 0.5434143518518518 0.03805555555555564 0.03861111111111111
1 0.38810185185185186 0.49843171296296296 0.04120370370370372 0.040266203703703776
1 0.4589756944444444 0.5153819444444444 0.03961805555555564 0.03865740740740744
1 0.48412037037037037 0.45359953703703704 0.04122685185185197 0.0418287037037036
1 0.4393113425925925 0.47103009259259265 0.03964120370370381 0.04021990740740726
1 0.48259837962962965 0.39806134259259257 0.03964120370370363 0.04021990740740744
1 0.4099131944444444 0.45061921296296303 0.03964120370370381 0.04021990740740726
1 0.46414930555555556 0.48270833333333335 0.03964120370370381 0.04021990740740744
1 0.4313194444444445 0.430150462962963 0.04122685185185197 0.0418287037037036
1 0.3029050925925926 0.4458854166666667 0.04122685185185189 0.0418287037037036
1 0.41178240740740735 0.48271990740740744 0.03964120370370381 0.04021990740740744
1 0.4249305555555555 0.5448553240740741 0.03805555555555564 0.03861111111111111
0 0.5184143518518518 0.4600868055555555 0.03964120370370363 0.04021990740740726
1 0.4215219907407407 0.5111458333333333 0.0412268518518518 0.0418287037037036