1 0.7025 0.43593171296296296 0.04309027777777778 0.041874999999999926
1 0.8106076388888889 0.4610243055555555 0.04309027777777778 0.041874999999999926
1 0.7044791666666667 0.5227662037037037 0.03993055555555554 0.04021990740740744
1 0.7189062500000001 0.47159722222222217 0.03833333333333329 0.03861111111111128
1 0.7297569444444444 0.40546875 0.03993055555555554 0.04021990740740744
1 0.8978993055555555 0.5433506944444444 0.04468749999999986 0.043483796296296263
1 0.7609027777777777 0.41108217592592594 0.04149305555555553 0.040266203703703596
1 0.7771527777777778 0.3834201388888888 0.03993055555555554 0.04021990740740744
0 0.6586458333333333 0.47450231481481475 0.03993055555555571 0.04021990740740726
1 0.7889756944444445 0.4142592592592592 0.04149305555555536 0.040266203703703776
1 0.8458333333333332 0.31822337962962965 0.04468749999999986 0.043483796296296263
1 0.7238020833333334 0.35682291666666666 0.04149305555555553 0.040266203703703776
1 0.7482986111111111 0.3802199074074074 0.04309027777777778 0.041875000000000016
1 0.7893229166666667 0.2579166666666667 0.04628472222222228 0.045092592592592594
1 0.7428472222222222 0.4496354166666666 0.03993055555555554 0.04021990740740744
1 0.4128298611111111 0.7713252314814815 0.04312500000000004 0.04343749999999993