1 0.7133680555555555 0.43168981481481483 0.03989583333333328 0.03865740740740744
1 0.8155902777777777 0.4692592592592593 0.039861111111111215 0.037094907407407264
1 0.6997395833333334 0.517974537037037 0.03673611111111121 0.03700231481481477
1 0.7226909722222222 0.4688888888888888 0.03513888888888879 0.035393518518518616
1 0.7452083333333334 0.40420138888888885 0.036701388888888964 0.03543981481481495
1 0.8869618055555556 0.5600520833333333 0.041458333333333285 0.038703703703703775
1 0.7746701388888889 0.41347800925925926 0.03829861111111103 0.03704861111111111
1 0.7955381944444444 0.38787615740740744 0.03829861111111103 0.03704861111111111
0 0.6634375 0.4651793981481481 0.03673611111111121 0.03700231481481477
1 0.8018576388888888 0.41969907407407414 0.038298611111111214 0.03704861111111128
1 0.8748784722222223 0.3308738425925926 0.041458333333333285 0.038703703703703685
1 0.7478472222222223 0.3557175925925926 0.038298611111111214 0.03704861111111111
1 0.7683506944444444 0.38165509259259256 0.03989583333333328 0.03865740740740744
1 0.830295138888889 0.26427083333333334 0.04309027777777778 0.041874999999999926
1 0.7504513888888888 0.4493287037037037 0.03829861111111103 0.03704861111111111
1 0.36864583333333334 0.731556712962963 0.03993055555555554 0.04021990740740744