1 0.38515625 0.3421875 0.0296875 0.0296875
1 0.5125 0.4 0.02890625 0.02890625
1 0.575 0.29765625 0.02890625 0.0296875
0 0.78203125 0.6671875 0.0328125 0.03046875
1 0.46953125 0.3578125 0.028125 0.0296875
1 0.89765625 0.44921875 0.0359375 0.0296875
1 0.60234375 0.3109375 0.02890625 0.0296875
1 0.9078125 0.60078125 0.034375 0.028125
1 0.5515625 0.5453125 0.02734375 0.02578125
1 0.8734375 0.56875 0.03515625 0.03046875
1 0.946875 0.70390625 0.03671875 0.03359375
1 0.69453125 0.5875 0.021875 0.02890625
1 0.76171875 0.3 0.0234375 0.0359375