1 0.6431655092592592 0.50078125 0.031469907407407405 0.0296875
1 0.4304513888888889 0.31875 0.03149305555555557 0.0328125
1 0.298275462962963 0.54921875 0.03302083333333332 0.028125
0 0.3980960648148148 0.3625 0.031481481481481485 0.03125
1 0.7205960648148148 0.4890625 0.03304398148148131 0.03125
1 0.4447106481481481 0.503125 0.029907407407407403 0.0296875
1 0.43414930555555553 0.5578125 0.029907407407407403 0.0296875
1 0.2644502314814815 0.58046875 0.033032407407407406 0.0296875
1 0.2940625 0.48515625 0.029895833333333323 0.028125
1 0.31883680555555555 0.7265625 0.03304398148148149 0.03125
1 0.25440393518518517 0.67109375 0.03460648148148149 0.03125
1 0.6978125000000001 0.40078125 0.031481481481481485 0.03125
1 0.5145891203703703 0.35078125 0.029918981481481487 0.03125