1 0.34921875 0.365625 0.03046875 0.03203125
1 0.353125 0.39296875 0.03203125 0.03203125
0 0.6640625 0.3921875 0.03125 0.03125
1 0.79375 0.3421875 0.03359375 0.03203125
1 0.85703125 0.4421875 0.03515625 0.03125
1 0.88203125 0.48828125 0.03671875 0.03203125
1 0.915625 0.525 0.0359375 0.03046875
1 0.81484375 0.621875 0.034375 0.03046875
1 0.92421875 0.4921875 0.0375 0.03046875
1 0.7359375 0.575 0.03203125 0.02890625
1 0.78359375 0.596875 0.03359375 0.03125
1 0.9453125 0.69765625 0.03828125 0.034375
1 0.81328125 0.70859375 0.03515625 0.034375
1 0.6625 0.6890625 0.03046875 0.0328125
1 0.49296875 0.65703125 0.03125 0.0328125
1 0.91875 0.5546875 0.0359375 0.03125