1 0.5107465277777778 0.6023668981481481 0.030381944444444465 0.031469907407407405
1 0.6293055555555556 0.5749305555555556 0.03354166666666671 0.033055555555555574
1 0.6039583333333333 0.4501388888888889 0.03194444444444429 0.031481481481481485
1 0.46605902777777775 0.6097280092592593 0.03197916666666671 0.03304398148148149
1 0.5156423611111112 0.3820543981481482 0.03194444444444446 0.031481481481481485
1 0.38812499999999994 0.4259606481481481 0.031909722222222214 0.029918981481481487
0 0.22418402777777774 0.7380613425925926 0.03673611111111104 0.03620370370370374
1 0.4491145833333333 0.2825636574074074 0.03201388888888897 0.03460648148148149
1 0.3918576388888889 0.6446469907407407 0.030347222222222213 0.029907407407407403
1 0.10942708333333333 0.7350057870370371 0.036701388888888874 0.034641203703703737
1 0.5678472222222222 0.38791666666666663 0.03197916666666671 0.03304398148148149
1 0.7071527777777777 0.5868518518518518 0.03354166666666671 0.033055555555555574
1 0.4184375 0.6085185185185186 0.03197916666666671 0.03304398148148149
1 0.29437499999999994 0.3915046296296296 0.03354166666666671 0.033055555555555574
1 0.04729166666666666 0.6136111111111111 0.038263888888888896 0.034652777777777824
1 0.3751909722222222 0.5510358796296296 0.030277777777777716 0.026782407407407404