1 0.621875 0.66484375 0.02890625 0.03046875
1 0.53046875 0.459375 0.028125 0.0296875
1 0.5609375 0.3078125 0.02890625 0.03125
1 0.771875 0.41484375 0.03046875 0.0296875
1 0.74453125 0.5765625 0.0296875 0.02890625
1 0.55546875 0.6390625 0.02890625 0.0296875
1 0.33046875 0.6203125 0.0296875 0.0296875
1 0.9546875 0.5125 0.03515625 0.03046875
1 0.584375 0.378125 0.028125 0.0296875
1 0.521875 0.6203125 0.028125 0.0296875
1 0.865625 0.46015625 0.0328125 0.02890625
0 0.6875 0.61328125 0.0296875 0.0296875
1 0.309375 0.36640625 0.03046875 0.0296875
1 0.44765625 0.3015625 0.028125 0.03203125
1 0.478125 0.3453125 0.02890625 0.0296875
1 0.64453125 0.396875 0.03203125 0.03359375