1 0.6650462962962964 0.5443576388888889 0.029166666666666785 0.028541666666666642
1 0.17045717592592594 0.5290162037037037 0.03547453703703703 0.03019675925925931
1 0.371556712962963 0.5979513888888889 0.032349537037037024 0.030150462962962976
1 0.4596354166666667 0.6122800925925926 0.030787037037037022 0.030127314814814808
1 0.3242476851851852 0.481400462962963 0.030787037037037022 0.030127314814814808
1 0.7105324074074074 0.40063657407407405 0.03240740740740726 0.03171296296296298
1 0.3793113425925926 0.32190393518518523 0.03084490740740744 0.03168981481481481
1 0.48177083333333337 0.47125000000000006 0.029166666666666785 0.028541666666666642
1 0.3740451388888889 0.4751909722222222 0.029166666666666695 0.028541666666666642
1 0.401244212962963 0.5341956018518518 0.029166666666666608 0.028541666666666642
1 0.4026041666666667 0.4442824074074074 0.030787037037037022 0.030127314814814808
1 0.36539351851851853 0.3471238425925926 0.03240740740740744 0.03171296296296298
1 0.42815393518518513 0.5431770833333334 0.029166666666666785 0.028541666666666642
1 0.40555555555555556 0.3551273148148148 0.03240740740740744 0.03171296296296298
0 0.24519675925925927 0.626400462962963 0.03229166666666661 0.028587962962962975
1 0.296556712962963 0.45132523148148146 0.032349537037037024 0.030150462962962976