1 0.6518518518518519 0.5294733796296296 0.03402777777777786 0.03329861111111114
1 0.6256655092592592 0.5611342592592592 0.035648148148148096 0.03488425925925931
1 0.6460358796296296 0.6442939814814814 0.03402777777777786 0.03329861111111114
1 0.60234375 0.515451388888889 0.03402777777777786 0.03329861111111114
1 0.6824074074074075 0.5064756944444444 0.03559027777777786 0.03332175925925931
1 0.6241319444444444 0.4970138888888889 0.03402777777777786 0.03329861111111114
1 0.5965856481481481 0.5442881944444444 0.03402777777777786 0.03329861111111114
1 0.649681712962963 0.4614351851851852 0.035648148148148096 0.03488425925925931
1 0.5713252314814815 0.5298437500000001 0.03240740740740744 0.03171296296296298
0 0.6402199074074074 0.6113773148148148 0.035648148148148096 0.03488425925925931
1 0.7118055555555556 0.6202546296296296 0.0372106481481481 0.03490740740740748
1 0.7017361111111111 0.6810763888888889 0.0372106481481481 0.03490740740740748
1 0.9171006944444444 0.5435648148148149 0.04033564814814809 0.034953703703703806
1 0.52578125 0.7042650462962963 0.034085648148148094 0.03486111111111114
1 0.6235821759259259 0.532962962962963 0.03246527777777786 0.03327546296296298
1 0.7045717592592593 0.45677662037037037 0.035648148148148096 0.03488425925925931