1 0.9140625 0.440625 0.034375 0.0296875
1 0.89375 0.49140625 0.0328125 0.02890625
1 0.7703125 0.51171875 0.03125 0.02890625
1 0.74453125 0.39140625 0.03046875 0.0296875
1 0.7296875 0.51015625 0.0296875 0.0296875
1 0.771875 0.42421875 0.0296875 0.0296875
1 0.79375 0.28984375 0.03203125 0.03203125
1 0.71484375 0.35859375 0.0296875 0.0296875
1 0.6734375 0.56328125 0.028125 0.02890625
1 0.8765625 0.45390625 0.0328125 0.02890625
1 0.84765625 0.525 0.03203125 0.028125
1 0.69140625 0.69609375 0.02890625 0.0296875
1 0.8078125 0.55546875 0.03203125 0.0296875
1 0.8515625 0.70078125 0.03359375 0.03125
0 0.6328125 0.29921875 0.02890625 0.0296875
1 0.85234375 0.66875 0.0328125 0.03046875