1 0.24101273148148147 0.40085069444444443 0.03427083333333334 0.02836805555555557
1 0.21962384259259257 0.4100636574074074 0.03278935185185183 0.029918981481481487
1 0.23838541666666666 0.5007928240740741 0.03427083333333334 0.02836805555555557
1 0.529224537037037 0.4920138888888889 0.034351851851851835 0.02993055555555557
1 0.4969386574074074 0.39649884259259255 0.031226851851851832 0.029907407407407403
1 0.6291087962962962 0.4302777777777778 0.031226851851851832 0.029907407407407403
1 0.7242534722222222 0.4879918981481482 0.031226851851851832 0.029907407407407403
1 0.7701446759259258 0.4844270833333334 0.031145833333333428 0.028344907407407405
1 0.7986689814814815 0.5525810185185185 0.03270833333333343 0.02835648148148149
1 0.7019907407407407 0.510474537037037 0.029502314814814846 0.02677083333333332
1 0.7875462962962964 0.579050925925926 0.031145833333333428 0.028344907407407405
1 0.8131134259259258 0.5901736111111111 0.03270833333333343 0.02835648148148149
1 0.7395717592592593 0.5123148148148149 0.03270833333333343 0.02835648148148149
1 0.7456365740740741 0.4334837962962963 0.029583333333333427 0.02833333333333332
0 0.9084259259259259 0.6963078703703703 0.03270833333333343 0.02835648148148149