1 0.1854340277777778 0.42185763888888894 0.03631944444444448 0.03357638888888879
1 0.16770833333333332 0.4965624999999999 0.03631944444444444 0.03357638888888879
1 0.2136921296296296 0.4334375 0.03788194444444439 0.033611111111111217
0 0.199537037037037 0.7515104166666667 0.039722222222222214 0.03833333333333329
1 0.22197337962962962 0.5181076388888888 0.03631944444444439 0.03357638888888879
1 0.2166666666666667 0.46244791666666674 0.03788194444444439 0.033611111111111217
1 0.16322916666666668 0.44013888888888886 0.03641203703703706 0.03513888888888879
1 0.13950810185185186 0.4576041666666667 0.03475694444444444 0.03354166666666671
1 0.19064814814814815 0.47907986111111106 0.03631944444444444 0.03357638888888879
1 0.19366898148148148 0.5073090277777779 0.03466435185185186 0.03197916666666671
1 0.16532986111111111 0.4706944444444444 0.03622685185185186 0.032013888888888786
1 0.1425289351851852 0.48583333333333334 0.03475694444444444 0.03354166666666671
1 0.21067129629629627 0.4052083333333334 0.03631944444444439 0.03357638888888879
1 0.11505208333333335 0.4742708333333333 0.03475694444444444 0.03354166666666671
1 0.1884085648148148 0.45086805555555554 0.03475694444444444 0.03354166666666671
1 0.21812500000000004 0.49064236111111104 0.03778935185185191 0.032048611111111215