1 0.6366319444444445 0.5664583333333334 0.03909722222222225 0.03704861111111111
1 0.6671180555555555 0.549369212962963 0.039097222222222075 0.03704861111111111
1 0.6652777777777779 0.5203703703703704 0.04072916666666657 0.038657407407407265
0 0.7257118055555555 0.5511053240740741 0.044062500000000074 0.04343749999999993
1 0.6523958333333333 0.4933912037037037 0.039097222222222075 0.03704861111111111
1 0.6230555555555556 0.4846990740740741 0.03916666666666657 0.03861111111111111
1 0.6228125 0.45496527777777784 0.037534722222222074 0.03700231481481495
1 0.6482118055555556 0.4643229166666667 0.03909722222222225 0.03704861111111111
1 0.6775520833333333 0.4730150462962963 0.04079861111111107 0.04021990740740744
1 0.7109722222222222 0.47791666666666666 0.04072916666666657 0.03865740740740744
1 0.7371527777777778 0.48729745370370364 0.04236111111111107 0.040266203703703596
1 0.7127777777777778 0.5076967592592593 0.03916666666666657 0.03861111111111111
1 0.6857465277777777 0.49985532407407407 0.04079861111111107 0.04021990740740744
1 0.6433854166666666 0.5377141203703704 0.03916666666666657 0.03861111111111111
1 0.63359375 0.5116087962962963 0.03909722222222225 0.03704861111111111
1 0.6967534722222222 0.5338194444444444 0.03916666666666657 0.03861111111111111