1 0.803125 0.4296875 0.0328125 0.0296875
1 0.58203125 0.596875 0.03046875 0.0296875
1 0.81015625 0.6453125 0.03125 0.028125
1 0.8484375 0.56953125 0.03203125 0.02734375
1 0.64140625 0.67734375 0.02890625 0.02890625
1 0.88515625 0.31484375 0.03359375 0.03125
1 0.153125 0.71875 0.0328125 0.03125
1 0.7453125 0.309375 0.0296875 0.03046875
1 0.5296875 0.69375 0.02890625 0.03046875
1 0.93984375 0.56171875 0.0359375 0.03046875
0 0.78359375 0.525 0.03046875 0.028125
1 0.93515625 0.4015625 0.0359375 0.03046875
1 0.40703125 0.703125 0.02734375 0.03125
1 0.88359375 0.50703125 0.03359375 0.028125
1 0.94453125 0.70625 0.034375 0.0296875
1 0.91796875 0.67734375 0.03203125 0.02890625