1 0.6244502314814815 0.5304398148148148 0.04207175925925917 0.040266203703703596
1 0.6796875 0.4836921296296296 0.04207175925925917 0.040266203703703596
1 0.621875 0.48197916666666674 0.04207175925925917 0.040266203703703596
1 0.5963252314814815 0.5296064814814814 0.04207175925925917 0.040266203703703596
1 0.6799768518518519 0.5336458333333333 0.04056712962962976 0.04178240740740726
1 0.6954571759259259 0.5091319444444444 0.04207175925925917 0.040266203703703596
1 0.709693287037037 0.535306712962963 0.040567129629629585 0.04178240740740726
1 0.6078993055555555 0.5049768518518519 0.04207175925925917 0.040266203703703596
1 0.6516203703703705 0.4844212962962963 0.04212962962962976 0.0418287037037036
1 0.6647280092592592 0.45905671296296297 0.040567129629629585 0.04178240740740744
1 0.6526041666666667 0.5320543981481481 0.04056712962962976 0.04178240740740744
1 0.665769675925926 0.5082523148148148 0.04207175925925917 0.040266203703703776
1 0.638425925925926 0.5074421296296296 0.04050925925925917 0.04021990740740744
1 0.635792824074074 0.4574189814814815 0.04050925925925917 0.04021990740740726
1 0.6497395833333334 0.4336400462962963 0.04050925925925917 0.04021990740740726
0 0.6758101851851852 0.8425578703703703 0.05023148148148149 0.04987268518518491