1 0.55625 0.46953125 0.02890625 0.02890625
0 0.21640625 0.7140625 0.03515625 0.0328125
1 0.50078125 0.46015625 0.02734375 0.02890625
1 0.490625 0.50859375 0.02890625 0.028125
1 0.565625 0.49609375 0.028125 0.028125
1 0.51875 0.5125 0.028125 0.02734375
1 0.50859375 0.4875 0.02890625 0.02890625
1 0.528125 0.46484375 0.028125 0.0296875
1 0.5109375 0.5609375 0.02734375 0.0265625
1 0.5859375 0.475 0.0296875 0.02890625
1 0.54765625 0.5171875 0.028125 0.028125
1 0.48125 0.4828125 0.02890625 0.028125
1 0.528125 0.5390625 0.028125 0.025
1 0.5015625 0.534375 0.028125 0.028125
1 0.53671875 0.49140625 0.03046875 0.0296875
1 0.47265625 0.45546875 0.02734375 0.02890625