0 0.25390625 0.4703125 0.0328125 0.03125
1 0.27421875 0.496875 0.03125 0.02890625
1 0.096875 0.33671875 0.0359375 0.0296875
1 0.3171875 0.39453125 0.03046875 0.03046875
1 0.15390625 0.5765625 0.034375 0.02890625
1 0.21953125 0.51015625 0.03046875 0.02890625
1 0.23125 0.5453125 0.03203125 0.028125
1 0.1734375 0.51484375 0.034375 0.03046875
1 0.25 0.5734375 0.03125 0.02890625
1 0.36796875 0.44765625 0.03046875 0.03046875
1 0.25 0.5125 0.03203125 0.02890625
1 0.2125 0.47421875 0.0328125 0.0296875
1 0.175 0.6265625 0.0328125 0.0296875
1 0.284375 0.4171875 0.03125 0.0296875
1 0.13046875 0.4390625 0.03515625 0.03125
1 0.4078125 0.6984375 0.03203125 0.03359375