1 0.38403935185185184 0.45390625 0.03815972222222221 0.0375
1 0.22683449074074075 0.5359375 0.041284722222222216 0.0375
1 0.3298784722222222 0.5109375 0.04137731481481488 0.0390625
1 0.3696875 0.48515625 0.041284722222222216 0.0375
1 0.3067708333333333 0.59765625 0.03962962962962964 0.0359375
1 0.2787615740740741 0.54296875 0.041284722222222216 0.0375
1 0.38905671296296296 0.64609375 0.039722222222222214 0.0375
1 0.34217013888888886 0.67265625 0.03815972222222221 0.0375
1 0.3087210648148148 0.5515625 0.039722222222222214 0.0375
1 0.3357060185185185 0.63671875 0.03815972222222221 0.0375
1 0.3579976851851852 0.52421875 0.03806712962962964 0.0359375
0 0.3759722222222222 0.61640625 0.039722222222222214 0.0375
1 0.3571875 0.590625 0.039722222222222214 0.0375
1 0.3308622685185185 0.5734375 0.04137731481481479 0.0390625