1 0.4969328703703704 0.6366550925925927 0.032951388888889 0.034664351851851904
1 0.23259837962962965 0.3145659722222222 0.03451388888888891 0.03475694444444448
1 0.673125 0.36212384259259256 0.032951388888889 0.034664351851851904
1 0.6771354166666667 0.3336747685185185 0.034513888888889 0.034756944444444396
1 0.3634085648148148 0.6610243055555556 0.03451388888888882 0.03475694444444457
1 0.2475 0.5566145833333334 0.03427083333333334 0.030069444444444572
1 0.23600115740740737 0.48598379629629634 0.035995370370370414 0.03328703703703688
1 0.45135416666666667 0.34705439814814815 0.029664351851851834 0.03135416666666666
1 0.4915335648148148 0.3360532407407407 0.031307870370370416 0.03300925925925924
0 0.2729340277777778 0.5786168981481481 0.03443287037037042 0.03319444444444457
1 0.30213541666666666 0.5674826388888888 0.03451388888888882 0.03475694444444457
1 0.34748842592592594 0.4597858796296296 0.031226851851851832 0.03144675925925924
1 0.2565798611111111 0.45968749999999997 0.03443287037037042 0.033194444444444395
1 0.5508680555555555 0.4375462962962963 0.031307870370370236 0.03300925925925924