1 0.5717708333333333 0.7295717592592593 0.03357638888888896 0.03559027777777786
1 0.41994791666666664 0.6301215277777777 0.03513888888888879 0.035648148148148096
1 0.64390625 0.5445891203703704 0.035104166666666714 0.034085648148148094
1 0.6326562499999999 0.5230613425925925 0.03513888888888879 0.035648148148148096
1 0.6659027777777778 0.5399305555555556 0.035104166666666714 0.034085648148148094
1 0.691875 0.5674768518518519 0.035104166666666714 0.034085648148148094
1 0.6669270833333333 0.564207175925926 0.03194444444444446 0.03240740740740744
1 0.6202951388888889 0.5515335648148147 0.03194444444444446 0.03240740740740744
1 0.6765798611111111 0.5872395833333334 0.03194444444444446 0.03240740740740726
1 0.6441319444444444 0.5696180555555556 0.03354166666666671 0.03402777777777786
1 0.6892534722222222 0.544704861111111 0.03194444444444446 0.03240740740740726
1 0.28487847222222223 0.3397280092592593 0.03673611111111112 0.03726851851851851
1 0.6249826388888888 0.5868923611111111 0.03194444444444446 0.03240740740740726
0 0.6280034722222222 0.6620659722222222 0.03354166666666671 0.03402777777777786
1 0.2619444444444444 0.35138888888888886 0.036701388888888874 0.03570601851851851
1 0.27152777777777776 0.37754629629629627 0.036701388888888874 0.03570601851851851