1 0.8005902777777777 0.44765625 0.04250000000000007 0.0421875
1 0.7510127314814815 0.390625 0.03934027777777782 0.0375
1 0.7428356481481482 0.43984375 0.0409143518518519 0.0390625
1 0.7709259259259259 0.44453125 0.04248842592592581 0.040625
1 0.7601909722222222 0.4171875 0.0409143518518519 0.0390625
1 0.7320891203703704 0.4140625 0.03934027777777764 0.0375
1 0.7898611111111111 0.41953125 0.03934027777777782 0.0375
1 0.6850810185185185 0.43203125 0.0409143518518519 0.0390625
1 0.7147395833333333 0.4359375 0.04092592592592599 0.040625
1 0.7032175925925925 0.409375 0.0393518518518519 0.0390625
1 0.7568518518518518 0.340625 0.04562500000000007 0.0421875
1 0.7798958333333333 0.39375 0.03932870370370374 0.0359375
1 0.7394965277777777 0.36328125 0.04092592592592599 0.040625
1 0.7691493055555556 0.36796875 0.03934027777777764 0.0375
1 0.7213599537037038 0.3859375 0.0409143518518519 0.0390625
0 0.4101157407407408 0.5328125 0.04093750000000007 0.0421875