1 0.4653587962962963 0.3870081018518518 0.0393518518518519 0.04195601851851851
1 0.37474537037037037 0.37873263888888886 0.03778935185185191 0.04184027777777777
0 0.357962962962963 0.42829861111111106 0.0393518518518519 0.04195601851851869
1 0.6239525462962963 0.2932291666666667 0.0393518518518519 0.04195601851851851
1 0.6357175925925926 0.498900462962963 0.03777777777777782 0.04027777777777786
1 0.6692245370370371 0.4075810185185185 0.0393518518518519 0.04195601851851851
1 0.7159375000000001 0.6439814814814815 0.0393518518518519 0.04195601851851851
1 0.7134895833333333 0.23576388888888888 0.0409143518518519 0.04207175925925925
1 0.8083043981481481 0.5210648148148149 0.03150462962962948 0.03668981481481488
1 0.7470717592592593 0.556394675925926 0.03934027777777782 0.04039351851851851
1 0.769056712962963 0.2265914351851852 0.04248842592592581 0.04375
1 0.6613078703703703 0.6321180555555556 0.0393518518518519 0.04195601851851851
1 0.7467650462962963 0.4922743055555555 0.025219907407407406 0.0315393518518519
1 0.6883159722222223 0.6794560185185186 0.037777777777777646 0.04027777777777786
1 0.719513888888889 0.6888020833333333 0.03936342592592581 0.04351851851851851