1 0.35276041666666663 0.7711111111111111 0.04628472222222228 0.045763888888888896
1 0.5218055555555556 0.6597569444444444 0.03993055555555554 0.04079861111111107
1 0.1818576388888889 0.68453125 0.04149305555555553 0.040868055555555574
1 0.4476041666666667 0.5149131944444445 0.03833333333333329 0.03916666666666657
1 0.2926215277777778 0.6268923611111111 0.04149305555555553 0.040868055555555574
1 0.6315972222222223 0.36434027777777783 0.03993055555555554 0.04079861111111107
1 0.6422743055555555 0.5173090277777778 0.03993055555555554 0.04079861111111107
1 0.3487152777777778 0.4252777777777778 0.03996527777777779 0.04236111111111107
1 0.32461805555555556 0.4539236111111111 0.03993055555555554 0.04079861111111107
1 0.2564236111111111 0.3906770833333333 0.04152777777777779 0.04243055555555557
1 0.5681076388888889 0.6524305555555555 0.03996527777777779 0.04236111111111107
1 0.17605902777777777 0.5231770833333333 0.04312499999999999 0.044062500000000074
1 0.2113020833333333 0.41526041666666663 0.03996527777777779 0.04236111111111107
1 0.2658159722222222 0.4606944444444444 0.04152777777777779 0.04243055555555557
0 0.20987847222222222 0.8664236111111112 0.04788194444444445 0.04739583333333357
1 0.18822916666666667 0.5737673611111112 0.0462847222222222 0.045763888888888896