1 0.2140625 0.41875 0.03046875 0.0265625
1 0.19296875 0.4296875 0.02890625 0.02734375
1 0.21328125 0.51953125 0.03125 0.0265625
1 0.503125 0.48828125 0.03046875 0.028125
1 0.46875 0.39453125 0.02734375 0.028125
1 0.6015625 0.41875 0.02734375 0.02734375
1 0.69765625 0.46875 0.028125 0.028125
1 0.74296875 0.46171875 0.02734375 0.02578125
1 0.77265625 0.528125 0.02890625 0.0265625
1 0.67578125 0.49296875 0.02578125 0.025
1 0.7625 0.55546875 0.028125 0.0265625
1 0.78828125 0.5640625 0.02890625 0.02578125
1 0.71328125 0.4921875 0.0296875 0.0265625
1 0.71796875 0.4125 0.0265625 0.02578125
0 0.88515625 0.66328125 0.0296875 0.0265625