1 0.23671875 0.6472743055555557 0.0375 0.03805555555555564
1 0.59453125 0.6841608796296297 0.0359375 0.03646990740740748
1 0.62890625 0.5188078703703705 0.034375 0.03488425925925931
1 0.69375 0.5990972222222222 0.0375 0.03805555555555564
1 0.4046875 0.5268171296296297 0.0375 0.03805555555555564
1 0.47578125 0.510920138888889 0.0359375 0.03646990740740748
1 0.60078125 0.5129745370370371 0.0359375 0.03490740740740748
1 0.7296875 0.6743460648148147 0.0390625 0.03807870370370381
1 0.578125 0.5898726851851851 0.0375 0.03805555555555564
1 0.48359375 0.42408564814814814 0.034375 0.03488425925925931
1 0.68203125 0.6406770833333333 0.034375 0.03332175925925931
1 0.6734375 0.4720543981481482 0.034375 0.03488425925925931
1 0.23046875 0.6176793981481481 0.0375 0.03805555555555564
1 0.4609375 0.4064525462962963 0.0359375 0.03646990740740748
0 0.459375 0.7072569444444444 0.034375 0.03644675925925931
1 0.64140625 0.5967476851851852 0.034375 0.03488425925925931