1 0.433599537037037 0.5554976851851852 0.034756944444444396 0.03402777777777786
1 0.7551736111111111 0.5097222222222222 0.03797453703703688 0.03570601851851851
1 0.45375 0.39565972222222223 0.03641203703703688 0.035648148148148096
1 0.7842997685185186 0.27771990740740743 0.039722222222222214 0.03888888888888893
1 0.6519212962962962 0.6353009259259259 0.03962962962962955 0.03732638888888893
1 0.3368055555555555 0.6322048611111111 0.03797453703703706 0.03570601851851869
1 0.39987268518518515 0.3546875 0.03650462962962973 0.03721064814814819
1 0.9800925925925925 0.5423032407407408 0.03981481481481488 0.0390625
1 0.2836458333333333 0.6559606481481481 0.03641203703703706 0.035648148148148096
1 0.6279861111111111 0.33663194444444444 0.03806712962962955 0.03726851851851851
1 0.8020601851851852 0.6432002314814815 0.03962962962962955 0.03732638888888893
1 0.8221643518518519 0.37734375 0.03953703703703724 0.03576388888888893
0 0.7484259259259259 0.4221643518518519 0.04119212962962955 0.037384259259259166
1 0.6281481481481481 0.6024594907407408 0.03806712962962955 0.03726851851851851
1 0.7253877314814815 0.3885706018518518 0.039722222222222214 0.03888888888888893