1 0.6001678240740741 0.6218460648148149 0.0418287037037036 0.043634259259259164
0 0.33510416666666665 0.5811921296296296 0.04021990740740744 0.04195601851851869
1 0.8070023148148149 0.6527199074074075 0.0433912037037036 0.04375
1 0.3378935185185185 0.41108217592592594 0.04178240740740744 0.04207175925925917
1 0.65671875 0.4164351851851852 0.04021990740740744 0.04195601851851851
1 0.7332349537037037 0.6206018518518518 0.040173611111111104 0.04039351851851851
1 0.8924710648148148 0.3927083333333333 0.04343749999999993 0.0453125
1 0.24693865740740742 0.5916377314814815 0.046655092592592595 0.04866898148148149
1 0.86546875 0.6969328703703704 0.04499999999999993 0.04542824074074083
1 0.7547164351851852 0.711400462962963 0.0433912037037036 0.04375
1 0.05112268518518519 0.509837962962963 0.04660879629629631 0.047106481481481485
1 0.82265625 0.6789641203703705 0.04499999999999993 0.04542824074074083
1 0.7245891203703703 0.5930555555555556 0.04021990740740726 0.04195601851851851
1 0.32081597222222225 0.3896412037037037 0.04178240740740744 0.04207175925925925
1 0.032893518518518516 0.47595486111111107 0.0389351851851852 0.05121527777777786
1 0.17802662037037037 0.3798611111111111 0.04500000000000002 0.04542824074074074