1 0.80078125 0.6079340277777778 0.03229166666666679 0.028819444444444463
1 0.3277777777777778 0.5459027777777778 0.032349537037037024 0.030381944444444465
1 0.6454861111111111 0.4405555555555555 0.029166666666666785 0.028750000000000143
1 0.7432581018518519 0.5933854166666667 0.03240740740740726 0.03194444444444446
1 0.49097222222222225 0.5682638888888889 0.029166666666666608 0.028750000000000143
1 0.517361111111111 0.5220138888888889 0.029166666666666785 0.028749999999999963
1 0.6010127314814815 0.3357465277777778 0.029166666666666608 0.028749999999999963
1 0.6355613425925926 0.5308854166666667 0.029166666666666785 0.028749999999999963
1 0.38842592592592595 0.4340625 0.029166666666666608 0.028749999999999963
0 0.47364004629629636 0.5007465277777777 0.029166666666666785 0.028750000000000143
1 0.7347800925925926 0.4698611111111111 0.029166666666666785 0.028749999999999963
1 0.5711226851851852 0.4771527777777777 0.026099537037037025 0.03024305555555564
1 0.9737268518518519 0.6195833333333333 0.03865740740740762 0.03208333333333328
1 0.9575520833333334 0.43578124999999995 0.03547453703703703 0.030451388888888785
1 0.9386863425925928 0.41116319444444444 0.03709490740740762 0.032048611111111035