1 0.2627604166666667 0.4608854166666667 0.036666666666666715 0.036666666666666715
1 0.19718750000000002 0.6322916666666666 0.039999999999999994 0.039999999999999855
1 0.12421875 0.45557291666666666 0.04322916666666665 0.041770833333333354
1 0.40036458333333336 0.6568229166666667 0.038437500000000034 0.03989583333333328
1 0.42734375 0.5581770833333334 0.040000000000000036 0.039999999999999855
1 0.64546875 0.48796874999999995 0.036666666666666715 0.036666666666666715
1 0.6766145833333332 0.5504687500000001 0.039999999999999855 0.040000000000000036
1 0.3474479166666667 0.6972395833333334 0.03677083333333329 0.03822916666666672
0 0.024427083333333332 0.6105729166666667 0.044895833333333336 0.04343749999999993
1 0.6794791666666666 0.5075 0.03833333333333329 0.03833333333333329
1 0.5986458333333333 0.5546875 0.040000000000000036 0.040000000000000036
1 0.5894791666666667 0.5273958333333333 0.041562499999999857 0.04010416666666679
1 0.44020833333333337 0.6830208333333333 0.038437500000000034 0.03989583333333328
1 0.5874479166666667 0.6284895833333334 0.03833333333333329 0.03833333333333329
1 0.3999479166666667 0.33348958333333334 0.0401041666666667 0.04156250000000004
1 0.7629166666666667 0.4565625 0.041562499999999857 0.04010416666666661