1 0.31328125 0.43203125 0.03046875 0.02890625
1 0.29609375 0.3859375 0.03125 0.028125
1 0.30625 0.4609375 0.0296875 0.02890625
1 0.27890625 0.471875 0.0296875 0.03046875
1 0.33046875 0.47890625 0.0296875 0.02890625
1 0.34140625 0.4234375 0.0296875 0.02890625
1 0.334375 0.4515625 0.0296875 0.02890625
1 0.35703125 0.46953125 0.0296875 0.02890625
1 0.2859375 0.44296875 0.0296875 0.028125
1 0.38203125 0.459375 0.0296875 0.028125
1 0.275 0.49921875 0.03203125 0.0296875
1 0.30234375 0.48984375 0.03046875 0.02890625
1 0.3625 0.44140625 0.0296875 0.02890625
1 0.290625 0.4140625 0.03046875 0.0296875
1 0.31953125 0.40390625 0.03046875 0.0296875
0 0.246875 0.63984375 0.03359375 0.03359375