1 0.5062789351851851 0.6491956018518519 0.035648148148148096 0.034629629629629656
1 0.4575520833333333 0.6573668981481482 0.03726851851851851 0.03620370370370374
0 0.7052662037037037 0.4220023148148148 0.03888888888888893 0.03777777777777782
1 0.48084490740740743 0.6400115740740742 0.03570601851851851 0.03619212962962948
1 0.45546875 0.6292650462962963 0.03726851851851851 0.03620370370370374
1 0.5288194444444445 0.6310648148148148 0.03726851851851851 0.03620370370370374
1 0.5034722222222222 0.619537037037037 0.03576388888888893 0.03775462962962965
1 0.531712962962963 0.6583796296296296 0.03559027777777786 0.033067129629629655
1 0.47879050925925926 0.6111284722222222 0.03570601851851851 0.03619212962962966
1 0.4526041666666666 0.6011689814814816 0.03732638888888893 0.03776620370370374
1 0.5107060185185185 0.6772800925925926 0.03726851851851851 0.03620370370370374
1 0.5550636574074075 0.6394618055555557 0.03570601851851851 0.03619212962962948
1 0.4859085648148148 0.6930844907407407 0.03570601851851851 0.03619212962962966
1 0.4620081018518518 0.6846701388888888 0.03726851851851851 0.03620370370370374
1 0.46412037037037035 0.7119907407407406 0.03726851851851851 0.03620370370370374
1 0.483738425925926 0.667326388888889 0.035648148148148096 0.034629629629629656