1 0.3017708333333333 0.5818865740740741 0.033333333333333395 0.03240740740740744
1 0.12036458333333333 0.590943287037037 0.0364583333333333 0.03252314814814809
1 0.6045833333333334 0.3766203703703704 0.03499999999999996 0.03402777777777777
1 0.6171354166666667 0.714380787037037 0.036666666666666715 0.035648148148148096
1 0.66015625 0.41976273148148147 0.03499999999999996 0.03402777777777786
1 0.6732291666666667 0.5042245370370371 0.033333333333333395 0.03240740740740744
1 0.7031770833333333 0.3472511574074074 0.03500000000000014 0.03402777777777777
1 0.2604166666666667 0.31377314814814816 0.03499999999999996 0.03402777777777777
1 0.46765625 0.2679108796296296 0.03343749999999997 0.03396990740740744
1 0.7988541666666666 0.5603587962962963 0.03822916666666672 0.03570601851851851
0 0.5510416666666667 0.6653935185185185 0.03499999999999996 0.03402777777777786
1 0.6582291666666666 0.33177083333333335 0.035104166666666714 0.03559027777777777
1 0.8763020833333334 0.33382523148148147 0.03822916666666672 0.03570601851851851
1 0.8311458333333335 0.7306134259259259 0.041458333333333285 0.037384259259259166
1 0.64515625 0.5161747685185185 0.03500000000000014 0.03402777777777786
1 0.8713020833333334 0.7127604166666666 0.043020833333333286 0.03744212962962976