1 0.49807291666666664 0.5552083333333333 0.034513888888889 0.035243055555555534
1 0.44789351851851855 0.5180266203703704 0.03459490740740741 0.036805555555555716
1 0.4982175925925926 0.527980324074074 0.0361574074074074 0.03692129629629619
1 0.47144097222222225 0.536892361111111 0.0361574074074074 0.03692129629629619
1 0.5226504629629629 0.518894675925926 0.0377199074074074 0.03703703703703702
1 0.4723668981481481 0.5097222222222222 0.034513888888889 0.035243055555555534
1 0.44803819444444437 0.49079861111111106 0.03780092592592581 0.03859953703703702
1 0.5234953703703704 0.49016203703703703 0.0361574074074074 0.03692129629629619
1 0.49832175925925926 0.4999710648148149 0.0361574074074074 0.03692129629629619
1 0.5232465277777777 0.5453993055555555 0.036076388888889 0.035358796296296194
0 0.3053877314814815 0.4413194444444445 0.03944444444444439 0.04027777777777786
1 0.5283275462962963 0.46328125 0.0361574074074074 0.03692129629629637
1 0.5223206018518518 0.5725694444444445 0.03780092592592599 0.03859953703703702
1 0.42360532407407414 0.4998842592592593 0.036076388888889 0.03535879629629637
1 0.47325231481481483 0.48177083333333337 0.0361574074074074 0.03692129629629619
1 0.5000289351851851 0.47285879629629635 0.039444444444444574 0.04027777777777786