1 0.3234375 0.5359375 0.0296875 0.0296875
1 0.48046875 0.4890625 0.028125 0.028125
1 0.46171875 0.534375 0.02890625 0.0296875
1 0.634375 0.5046875 0.02890625 0.02890625
1 0.42578125 0.484375 0.0296875 0.03046875
1 0.43125 0.52578125 0.028125 0.0296875
1 0.5890625 0.54296875 0.0296875 0.02890625
1 0.50859375 0.5328125 0.028125 0.0296875
1 0.3609375 0.55625 0.0296875 0.02890625
1 0.5640625 0.4859375 0.02734375 0.028125
1 0.36875 0.4984375 0.02890625 0.028125
1 0.39921875 0.50859375 0.028125 0.0296875
1 0.6234375 0.54375 0.0296875 0.02890625
1 0.615625 0.57109375 0.0296875 0.02890625
1 0.38828125 0.4765625 0.028125 0.0296875
0 0.29296875 0.5921875 0.03046875 0.0296875