1 0.6046875 0.51953125 0.028125 0.028125
1 0.275 0.53046875 0.03125 0.02890625
1 0.5421875 0.36796875 0.028125 0.0296875
1 0.184375 0.3109375 0.03125 0.03125
1 0.41015625 0.634375 0.03125 0.03046875
1 0.72109375 0.5765625 0.03046875 0.02890625
1 0.584375 0.31875 0.02890625 0.03046875
1 0.05859375 0.60078125 0.0359375 0.03046875
1 0.7796875 0.590625 0.0296875 0.028125
1 0.3546875 0.340625 0.03046875 0.03046875
1 0.2640625 0.6671875 0.03203125 0.03046875
1 0.1734375 0.41328125 0.03203125 0.02890625
0 0.2578125 0.44453125 0.0328125 0.03046875
1 0.425 0.5984375 0.03046875 0.03046875
1 0.271875 0.4078125 0.03203125 0.03125