1 0.8203125 0.4125 0.03359375 0.03125
1 0.5578125 0.51484375 0.0296875 0.03203125
1 0.9046875 0.415625 0.034375 0.0328125
1 0.659375 0.48046875 0.0296875 0.03125
1 0.86328125 0.49609375 0.034375 0.03125
1 0.91171875 0.53359375 0.034375 0.0296875
1 0.9375 0.425 0.03359375 0.0296875
1 0.4890625 0.3859375 0.0296875 0.03125
1 0.76640625 0.37265625 0.03125 0.0296875
1 0.859375 0.72578125 0.03125 0.03359375
1 0.94453125 0.45234375 0.03515625 0.02890625
0 0.884375 0.4515625 0.034375 0.03125
1 0.9171875 0.44609375 0.0328125 0.0296875
1 0.4234375 0.4921875 0.03046875 0.03046875
1 0.9359375 0.515625 0.0328125 0.02890625