1 0.47734375 0.35078125 0.0296875 0.03125
1 0.5609375 0.31640625 0.02890625 0.03125
0 0.59453125 0.35859375 0.03046875 0.03046875
1 0.2921875 0.30859375 0.0296875 0.0296875
1 0.353125 0.5046875 0.0296875 0.028125
1 0.28828125 0.42890625 0.03125 0.0296875
1 0.3265625 0.66328125 0.0296875 0.0296875
1 0.1859375 0.28046875 0.03125 0.03046875
1 0.19453125 0.575 0.021875 0.02890625
1 0.26640625 0.590625 0.03046875 0.02890625
1 0.12890625 0.28828125 0.0328125 0.03046875
1 0.375 0.63671875 0.0296875 0.03046875
1 0.24375 0.53046875 0.01640625 0.02578125
1 0.365625 0.6890625 0.0296875 0.02890625
1 0.3390625 0.70625 0.0296875 0.0328125