1 0.37216435185185187 0.43598958333333326 0.03964120370370372 0.03964120370370381
1 0.6405150462962963 0.35230902777777773 0.0412268518518518 0.0412268518518518
1 0.6701967592592594 0.6152083333333334 0.041180555555555644 0.03810185185185198
0 0.6530208333333334 0.4052604166666667 0.0412268518518518 0.0412268518518518
1 0.30591435185185184 0.3947743055555556 0.04122685185185189 0.0412268518518518
1 0.5530787037037037 0.5161400462962963 0.03807870370370381 0.03961805555555564
1 0.5421585648148148 0.5702199074074074 0.03964120370370381 0.03964120370370381
1 0.6880208333333334 0.6579224537037037 0.042789351851851974 0.04124999999999997
1 0.6990509259259259 0.5585185185185185 0.03805555555555564 0.03805555555555564
1 0.5802777777777777 0.7696990740740741 0.042789351851851974 0.04125000000000014
1 0.6611689814814815 0.7442766203703703 0.0427893518518518 0.04124999999999997
1 0.36189236111111106 0.32283564814814814 0.0412268518518518 0.0412268518518518
1 0.5498206018518518 0.34896412037037033 0.03964120370370381 0.03964120370370363