1 0.39609375 0.58125 0.0296875 0.0296875
1 0.5015625 0.396875 0.0296875 0.03046875
1 0.503125 0.615625 0.02890625 0.02890625
1 0.43828125 0.4703125 0.028125 0.0296875
1 0.55625 0.6234375 0.028125 0.02890625
0 0.7828125 0.71171875 0.0328125 0.03203125
1 0.471875 0.42421875 0.028125 0.02890625
1 0.896875 0.69609375 0.03359375 0.03046875
1 0.59453125 0.41796875 0.028125 0.03046875
1 0.43125 0.5890625 0.0296875 0.03046875
1 0.615625 0.54375 0.02734375 0.02578125
1 0.6140625 0.634375 0.02890625 0.02890625
1 0.9484375 0.5671875 0.03671875 0.03203125
1 0.684375 0.3734375 0.03046875 0.03125
1 0.5859375 0.6046875 0.028125 0.0296875
1 0.52109375 0.28203125 0.0296875 0.0328125