1 0.805949074074074 0.61 0.031469907407407405 0.030381944444444288
1 0.5232349537037038 0.6169965277777778 0.029918981481481487 0.031909722222222214
1 0.6501388888888889 0.5604513888888889 0.031481481481481485 0.03194444444444446
0 0.12102430555555554 0.7314756944444445 0.03774305555555557 0.033645833333333285
1 0.8850520833333334 0.5328645833333333 0.03618055555555557 0.033611111111111217
1 0.48597800925925927 0.6489756944444445 0.029918981481481487 0.031909722222222214
1 0.6320428240740741 0.4374131944444445 0.031469907407407405 0.030381944444444465
1 0.3696875 0.34565972222222224 0.031481481481481485 0.03194444444444446
1 0.28789930555555554 0.6930034722222222 0.03620370370370374 0.03673611111111121
1 0.15719907407407407 0.5534027777777778 0.03460648148148149 0.032013888888888786
1 0.5337037037037037 0.6594097222222223 0.03149305555555557 0.033506944444444464
1 0.45125000000000004 0.7060069444444445 0.031469907407407405 0.030381944444444465
1 0.2881134259259259 0.5110069444444444 0.031481481481481485 0.03194444444444446
1 0.6637152777777777 0.38968749999999996 0.033055555555555574 0.03354166666666671
1 0.8262094907407409 0.49796874999999996 0.03304398148148167 0.03197916666666671
1 0.764994212962963 0.35366319444444444 0.033067129629629655 0.035104166666666714