1 0.4913425925925926 0.44255208333333335 0.030567129629629618 0.029907407407407403
1 0.37068287037037034 0.43172453703703706 0.03212962962962962 0.029918981481481487
1 0.3018287037037037 0.5869560185185185 0.030567129629629618 0.029907407407407403
1 0.29482638888888885 0.4033738425925926 0.03373842592592595 0.03149305555555557
1 0.3098900462962963 0.463431712962963 0.03212962962962962 0.029918981481481487
1 0.6471006944444444 0.3984201388888889 0.03369212962962962 0.02993055555555557
1 0.6957638888888888 0.4847974537037037 0.03212962962962962 0.029918981481481487
1 0.2814467592592592 0.47927083333333337 0.03373842592592595 0.03149305555555557
0 0.3435590277777778 0.7030787037037036 0.033784722222222285 0.033055555555555574
1 0.2618807870370371 0.5309895833333333 0.022708333333333285 0.028287037037037166
1 0.3312037037037037 0.523443287037037 0.03212962962962962 0.029918981481481487
1 0.3366203703703704 0.4952719907407407 0.03373842592592595 0.03149305555555557
1 0.2839872685185185 0.5386400462962964 0.0369097222222222 0.033078703703703735
1 0.278443287037037 0.5097685185185185 0.03525462962962962 0.02994212962962948