1 0.5657291666666666 0.72109375 0.03387731481481478 0.038124999999999964
0 0.8984317129629631 0.7205729166666666 0.040173611111111285 0.04010416666666679
1 0.7277314814814815 0.6958854166666667 0.03543981481481495 0.03822916666666672
1 0.5226331018518519 0.6696875 0.032222222222222284 0.034895833333333216
1 0.6986111111111111 0.51625 0.033784722222222285 0.03500000000000014
1 0.4783738425925925 0.6839583333333333 0.03383101851851862 0.036562500000000143
1 0.59296875 0.3565625 0.03543981481481477 0.03822916666666672
1 0.8363136574074075 0.5449999999999999 0.03695601851851862 0.03677083333333329
1 0.3471412037037037 0.5953645833333333 0.033784722222222285 0.03500000000000014
1 0.48201388888888896 0.6403645833333333 0.033784722222222285 0.03499999999999996
1 0.3060011574074074 0.42510416666666667 0.03373842592592595 0.03343749999999997
1 0.11019097222222222 0.5873958333333333 0.03851851851851853 0.03687500000000003
1 0.16068287037037038 0.5477083333333332 0.0369097222222222 0.035208333333333286
1 0.34535300925925927 0.47078125000000004 0.03373842592592595 0.03343749999999997
1 0.19967592592592592 0.6583333333333334 0.03695601851851853 0.03677083333333329
1 0.2011111111111111 0.3985416666666667 0.03539351851851853 0.036666666666666715