1 0.28130208333333334 0.36206597222222225 0.030347222222222213 0.031006944444444427
1 0.057204861111111116 0.3114409722222222 0.03194444444444444 0.032638888888888926
1 0.5478993055555555 0.7172222222222222 0.028819444444444463 0.03249999999999993
0 0.8803472222222222 0.7484201388888889 0.03822916666666672 0.034479166666666575
1 0.7046527777777778 0.5255555555555556 0.028750000000000143 0.02937499999999993
1 0.4652430555555556 0.6713194444444445 0.028819444444444287 0.03249999999999993
1 0.5116145833333333 0.6608680555555556 0.030381944444444465 0.03256944444444443
1 0.3431597222222222 0.5697048611111111 0.031909722222222214 0.031076388888888928
1 0.6168750000000001 0.35821180555555554 0.03194444444444446 0.032638888888888926
1 0.24119791666666668 0.4423958333333333 0.031874999999999966 0.02951388888888893
1 0.8373958333333335 0.5697743055555555 0.035069444444444285 0.03277777777777775
1 0.23562500000000003 0.5172222222222222 0.031909722222222214 0.031076388888888928
1 0.4991666666666667 0.5875868055555555 0.030381944444444288 0.03256944444444443
1 0.12465277777777777 0.44347222222222216 0.03499999999999996 0.029652777777777927
1 0.2403472222222222 0.4806770833333333 0.031909722222222214 0.031076388888888928
1 0.7107465277777778 0.7088194444444444 0.03194444444444446 0.032638888888888926