1 0.884375 0.7234375 0.0375 0.03359375
1 0.83671875 0.65859375 0.03515625 0.03203125
1 0.67421875 0.62734375 0.03203125 0.03125
1 0.74609375 0.72265625 0.03125 0.03203125
1 0.58046875 0.39140625 0.03046875 0.03125
1 0.7640625 0.4078125 0.03359375 0.03359375
1 0.72265625 0.4 0.03125 0.03125
1 0.79609375 0.68671875 0.03125 0.03125
1 0.575 0.51015625 0.02890625 0.0296875
1 0.62578125 0.45703125 0.028125 0.02890625
1 0.52734375 0.47421875 0.02890625 0.0296875
1 0.6515625 0.378125 0.03046875 0.03125
1 0.590625 0.45390625 0.03046875 0.03046875
0 0.8453125 0.7078125 0.03359375 0.03203125
1 0.69609375 0.35625 0.03203125 0.03359375