0 0.45164930555555555 0.5288715277777778 0.03753472222222225 0.03700231481481495
1 0.3069618055555555 0.5191145833333334 0.03583333333333334 0.03383101851851862
1 0.4541666666666666 0.7004456018518519 0.03760416666666657 0.038564814814814774
1 0.2619270833333333 0.3386574074074074 0.03909722222222225 0.03704861111111111
1 0.3087326388888889 0.3739409722222222 0.03746527777777775 0.03543981481481477
1 0.09560763888888889 0.6049594907407407 0.040729166666666684 0.038657407407407265
1 0.3438715277777778 0.671724537037037 0.03916666666666666 0.03861111111111111
1 0.4852083333333333 0.49354745370370373 0.03916666666666657 0.03861111111111111
1 0.5488194444444444 0.5018055555555556 0.037534722222222074 0.03700231481481477
1 0.36026041666666664 0.4083043981481482 0.03909722222222225 0.03704861111111111
1 0.1465451388888889 0.6174942129629629 0.03909722222222225 0.03704861111111111
1 0.18465277777777778 0.3042766203703704 0.04065972222222225 0.03709490740740744
1 0.2073263888888889 0.6016493055555555 0.04229166666666666 0.038703703703703594
1 0.017777777777777778 0.5894444444444444 0.035555555555555556 0.04031249999999993
1 0.3131076388888889 0.5563831018518519 0.037395833333333336 0.03387731481481478