1 0.940625 0.6390625 0.0359375 0.02890625
1 0.8359375 0.603125 0.03125 0.02890625
1 0.80703125 0.63125 0.03203125 0.03046875
1 0.36640625 0.328125 0.0296875 0.03046875
1 0.3671875 0.36328125 0.02890625 0.03046875
1 0.74296875 0.58828125 0.03046875 0.02890625
1 0.69453125 0.41015625 0.02890625 0.028125
1 0.65703125 0.52890625 0.03046875 0.0296875
1 0.453125 0.459375 0.0296875 0.03046875
1 0.61875 0.52421875 0.0296875 0.02890625
1 0.61015625 0.46953125 0.03046875 0.03046875
1 0.90390625 0.6671875 0.03359375 0.02890625
0 0.47578125 0.5 0.0296875 0.0296875
1 0.953125 0.57421875 0.03515625 0.0296875
1 0.575 0.49921875 0.0296875 0.0296875
1 0.4203125 0.45390625 0.02890625 0.0296875