1 0.38515625 0.340625 0.0296875 0.0296875
1 0.57421875 0.29609375 0.02890625 0.03046875
1 0.5125 0.39921875 0.028125 0.02890625
1 0.60234375 0.31015625 0.02890625 0.0296875
1 0.46953125 0.35625 0.02890625 0.03046875
1 0.0640625 0.69375 0.03828125 0.03359375
1 0.1953125 0.60234375 0.03125 0.02890625
0 0.7578125 0.565625 0.02734375 0.02890625
1 0.05703125 0.4984375 0.03515625 0.02890625
1 0.77265625 0.475 0.03203125 0.02890625
1 0.88515625 0.5921875 0.034375 0.03046875
1 0.31640625 0.3359375 0.0296875 0.0296875
1 0.69453125 0.58671875 0.02265625 0.0296875