1 0.31328125 0.54140625 0.03203125 0.03046875
1 0.33359375 0.4828125 0.0296875 0.0296875
1 0.3125 0.5109375 0.03046875 0.03046875
1 0.30859375 0.42578125 0.03046875 0.02890625
1 0.38828125 0.48125 0.0296875 0.0296875
1 0.3734375 0.5171875 0.02890625 0.02890625
1 0.35 0.459375 0.0296875 0.0296875
1 0.3609375 0.490625 0.02734375 0.02890625
1 0.2859375 0.528125 0.03125 0.03046875
1 0.3125 0.46328125 0.03046875 0.0296875
1 0.3859375 0.5453125 0.028125 0.028125
1 0.35546875 0.42890625 0.02890625 0.02890625
1 0.340625 0.51796875 0.03046875 0.02890625
1 0.34375 0.546875 0.0296875 0.02890625
1 0.396875 0.571875 0.02890625 0.028125
0 0.37890625 0.446875 0.03046875 0.0296875