1 0.42243055555555553 0.6649652777777778 0.03815972222222221 0.03962962962962955
0 0.6927893518518518 0.6817650462962963 0.03806712962962955 0.03806712962962955
1 0.21140046296296297 0.6509027777777778 0.03962962962962955 0.03815972222222221
1 0.7133969907407407 0.5171643518518518 0.03806712962962955 0.03806712962962955
1 0.3943981481481481 0.45466435185185183 0.03650462962962973 0.03797453703703706
1 0.2899305555555555 0.63609375 0.03797453703703706 0.03650462962962955
1 0.16201967592592592 0.382505787037037 0.041284722222222216 0.03981481481481479
1 0.7793344907407407 0.7102488425925926 0.04312499999999986 0.04459490740740737
1 0.14703125 0.6813425925925926 0.04284722222222222 0.03990740740740737
1 0.25591435185185185 0.7189351851851852 0.03962962962962964 0.03815972222222221
1 0.9821383101851853 0.67265625 0.03572337962962955 0.04146990740740737
1 0.19325810185185185 0.6731828703703704 0.041284722222222216 0.03981481481481488
1 0.30246527777777776 0.6111458333333333 0.03806712962962964 0.03806712962962955
1 0.7333796296296295 0.49966435185185176 0.03806712962962955 0.03806712962962955
1 0.9948842592592593 0.644681712962963 0.010231481481481453 0.044780092592592524
1 0.8770891203703703 0.520636574074074 0.041284722222222216 0.03981481481481488