0 0.6673958333333333 0.4981770833333333 0.03427083333333343 0.03499999999999996
1 0.5905208333333334 0.6058854166666666 0.032638888888888926 0.033333333333333215
1 0.7821701388888889 0.4721354166666667 0.03427083333333343 0.03499999999999996
1 0.6631423611111111 0.5409895833333334 0.032638888888888926 0.033333333333333215
1 0.6409895833333333 0.6163020833333334 0.03420138888888893 0.03343749999999997
1 0.47125000000000006 0.6802083333333333 0.03434027777777793 0.03656249999999996
1 0.37567708333333333 0.6973437499999999 0.03270833333333334 0.034895833333333216
1 0.6926388888888889 0.6706770833333333 0.03576388888888893 0.03354166666666671
1 0.7477951388888889 0.5051041666666667 0.03576388888888893 0.03354166666666671
1 0.37815972222222227 0.5180729166666667 0.031006944444444427 0.03166666666666664
1 0.48331597222222217 0.5673958333333333 0.031006944444444427 0.03166666666666664
1 0.31404513888888885 0.70890625 0.03427083333333334 0.03499999999999996
1 0.6863368055555557 0.6185416666666667 0.03420138888888893 0.03343749999999997
1 0.5468576388888889 0.7596875 0.03270833333333343 0.03489583333333339
1 0.63328125 0.5429166666666667 0.031006944444444427 0.03166666666666664
1 0.6251388888888889 0.4969270833333333 0.032638888888888926 0.033333333333333215