1 0.39631944444444445 0.5378645833333333 0.03488425925925931 0.036666666666666715
1 0.18445023148148149 0.35140625 0.03800925925925926 0.03687500000000003
1 0.6972106481481481 0.5630729166666667 0.03644675925925931 0.03677083333333329
1 0.6262384259259259 0.4015625 0.03329861111111114 0.03499999999999996
1 0.5928530092592592 0.4951041666666667 0.031736111111111145 0.03489583333333339
1 0.4370891203703703 0.4727083333333333 0.03488425925925931 0.036666666666666715
0 0.3826215277777778 0.4615104166666667 0.03486111111111114 0.035104166666666714
1 0.7523321759259259 0.5828125 0.03644675925925931 0.03677083333333329
1 0.6075347222222222 0.29432291666666666 0.03332175925925931 0.03656249999999996
1 0.6989814814814814 0.44354166666666667 0.03488425925925931 0.036666666666666715
1 0.742824074074074 0.434375 0.03800925925925931 0.03687500000000003
1 0.0413599537037037 0.5271874999999999 0.041157407407407406 0.03864583333333336
1 0.6910243055555556 0.40114583333333337 0.03644675925925931 0.03677083333333329
1 0.5158506944444444 0.42453124999999997 0.03332175925925931 0.03656249999999996
1 0.7713020833333333 0.4613541666666666 0.03642361111111114 0.035208333333333286