1 0.22265625 0.3828125 0.03046875 0.0296875
1 0.2 0.45546875 0.03046875 0.02890625
1 0.25 0.396875 0.03203125 0.02890625
0 0.215625 0.71328125 0.034375 0.0328125
1 0.25234375 0.48203125 0.03046875 0.0296875
1 0.25078125 0.42578125 0.03203125 0.02890625
1 0.19921875 0.3984375 0.03046875 0.03046875
1 0.17421875 0.41328125 0.0296875 0.0296875
1 0.22421875 0.43984375 0.03046875 0.02890625
1 0.225 0.46875 0.0296875 0.028125
1 0.19921875 0.42890625 0.03046875 0.028125
1 0.17578125 0.4421875 0.0296875 0.02890625
1 0.2484375 0.36796875 0.03125 0.0296875
1 0.14921875 0.428125 0.0296875 0.02890625
1 0.2234375 0.41171875 0.0296875 0.02890625
1 0.25078125 0.4546875 0.03359375 0.02734375