1 0.501736111111111 0.42795138888888895 0.03356481481481488 0.03240740740740726
1 0.3624131944444445 0.5036168981481481 0.03512731481481488 0.03246527777777786
1 0.5453703703703704 0.46707175925925926 0.03356481481481488 0.03240740740740744
1 0.6632523148148148 0.36634837962962963 0.03356481481481488 0.03240740740740744
1 0.4390914351851851 0.5234953703703704 0.03356481481481488 0.03240740740740726
1 0.31426504629629626 0.5093171296296296 0.036805555555555536 0.034085648148148094
1 0.39331597222222225 0.5823784722222222 0.035243055555555534 0.03402777777777786
1 0.08567708333333333 0.4903645833333334 0.04149305555555556 0.03425925925925917
0 0.4070601851851851 0.7150462962962962 0.03692129629629619 0.035648148148148096
1 0.4653935185185185 0.6141782407407408 0.03356481481481488 0.03240740740740744
1 0.5076678240740741 0.518605324074074 0.03512731481481488 0.03246527777777786
1 0.4843460648148148 0.4998842592592593 0.03344907407407405 0.03084490740740744
1 0.3935185185185185 0.5322337962962963 0.03356481481481488 0.03240740740740744
1 0.4594039351851852 0.5650462962962963 0.03165509259259256 0.027662037037037023
1 0.7152199074074075 0.4333622685185185 0.03668981481481488 0.03252314814814809
1 0.13822337962962963 0.607494212962963 0.03836805555555554 0.03414351851851851