1 0.7170775462962963 0.5475289351851852 0.031469907407407405 0.029918981481481487
1 0.7016319444444444 0.5231944444444444 0.029907407407407403 0.029907407407407403
1 0.6453530092592593 0.5266840277777778 0.029907407407407403 0.029907407407407403
1 0.6600289351851851 0.5494502314814815 0.02833333333333332 0.02833333333333332
0 0.6863483796296296 0.3715104166666666 0.03304398148148149 0.03149305555555557
1 0.6735011574074073 0.5237673611111111 0.0298958333333335 0.028344907407407405
1 0.6877430555555556 0.4996527777777778 0.029907407407407403 0.029907407407407403
1 0.6897222222222222 0.5488888888888889 0.029895833333333323 0.028344907407407405
1 0.6762615740740741 0.5730092592592593 0.029895833333333323 0.028344907407407405
1 0.64734375 0.5743576388888889 0.02833333333333332 0.02833333333333332
1 0.6326736111111111 0.5508101851851852 0.029895833333333323 0.028344907407407405
1 0.6707349537037037 0.47530671296296295 0.029907407407407403 0.029907407407407403
1 0.6572685185185185 0.5002083333333334 0.029895833333333323 0.028344907407407405
1 0.7325347222222222 0.570300925925926 0.0298958333333335 0.028344907407407405
1 0.7036111111111112 0.5724305555555556 0.029895833333333323 0.028344907407407405
1 0.6192071759259259 0.5757118055555556 0.031458333333333324 0.02835648148148149