1 0.6464409722222222 0.583130787037037 0.04050925925925917 0.04195601851851851
1 0.47514467592592596 0.43877314814814816 0.04050925925925917 0.04195601851851851
1 0.5631655092592592 0.6486400462962963 0.03888888888888893 0.04027777777777786
1 0.5627314814814814 0.48967013888888894 0.03888888888888893 0.04027777777777786
1 0.5172743055555555 0.6717303240740741 0.03888888888888893 0.04027777777777786
0 0.3469039351851852 0.8258391203703704 0.04375 0.0453125
1 0.5131944444444445 0.456394675925926 0.03888888888888893 0.04027777777777786
1 0.23622685185185183 0.8456886574074074 0.04369212962962958 0.04375
1 0.39826388888888886 0.48761574074074077 0.03894675925925926 0.04184027777777786
1 0.6175057870370371 0.6012442129629629 0.04050925925925917 0.04195601851851851
1 0.43098958333333337 0.613917824074074 0.035648148148148096 0.03692129629629619
1 0.4692418981481481 0.7001157407407408 0.03888888888888893 0.04027777777777786
1 0.13642939814814817 0.7385706018518519 0.046932870370370375 0.047106481481481485
1 0.297974537037037 0.4723958333333334 0.042129629629629586 0.043634259259259164
1 0.48266782407407405 0.6629340277777779 0.03888888888888893 0.04027777777777786
1 0.4097511574074074 0.3349826388888889 0.040625 0.04508101851851851