1 0.5328125 0.5125 0.02734375 0.02734375
1 0.571875 0.46875 0.02734375 0.028125
1 0.525 0.48671875 0.028125 0.028125
1 0.55390625 0.490625 0.02890625 0.028125
1 0.49765625 0.48203125 0.0296875 0.028125
1 0.5453125 0.46484375 0.02734375 0.02734375
1 0.5640625 0.4421875 0.02890625 0.03046875
1 0.4890625 0.4546875 0.02890625 0.02890625
1 0.51640625 0.459375 0.028125 0.028125
1 0.50546875 0.5078125 0.028125 0.02734375
0 0.690625 0.3703125 0.03046875 0.03046875
1 0.47578125 0.4296875 0.02890625 0.02890625
1 0.5140625 0.53359375 0.0296875 0.02890625
1 0.590625 0.446875 0.028125 0.02734375
1 0.5359375 0.4375 0.028125 0.02890625
1 0.50703125 0.43359375 0.03046875 0.03046875