1 0.5961516203703704 0.5100173611111111 0.030127314814814808 0.030347222222222213
1 0.26647569444444447 0.5165625 0.03325231481481481 0.030416666666666713
1 0.541400462962963 0.35737847222222224 0.030150462962962976 0.031909722222222214
1 0.18696180555555555 0.29574652777777777 0.0332986111111111 0.03354166666666671
1 0.39611689814814816 0.6222395833333334 0.03327546296296298 0.03197916666666671
1 0.7093113425925927 0.5684201388888889 0.03168981481481481 0.030381944444444465
1 0.5858564814814815 0.30874999999999997 0.030150462962962976 0.031909722222222214
1 0.04679976851851852 0.5839236111111111 0.03796296296296296 0.03208333333333328
1 0.7676736111111111 0.5827430555555556 0.03168981481481481 0.030381944444444465
1 0.35517939814814814 0.3279340277777778 0.03171296296296298 0.03194444444444446
1 0.24883680555555557 0.6528472222222221 0.03327546296296298 0.03197916666666671
1 0.17061342592592593 0.3976388888888889 0.03325231481481481 0.030416666666666713
0 0.2536979166666667 0.4301562499999999 0.03483796296296297 0.032013888888888786
1 0.41304398148148147 0.58671875 0.03171296296296298 0.03194444444444446
1 0.2690740740740741 0.39388888888888884 0.03329861111111114 0.03354166666666662