1 0.5471932870370371 0.30737847222222225 0.03246527777777786 0.03396990740740744
1 0.48680555555555555 0.4170138888888889 0.03240740740740744 0.03240740740740726
1 0.3548611111111111 0.3675347222222222 0.032465277777777767 0.03396990740740744
1 0.07106481481481482 0.7215856481481481 0.03877314814814814 0.03576388888888893
1 0.921412037037037 0.44797453703703705 0.04027777777777786 0.03425925925925917
1 0.13327546296296297 0.731712962962963 0.038831018518518515 0.03732638888888893
1 0.4028935185185185 0.5914930555555555 0.03240740740740744 0.03240740740740744
0 0.8585648148148148 0.5184027777777778 0.0387731481481481 0.03576388888888893
1 0.11987847222222223 0.628732638888889 0.03553240740740744 0.03252314814814809
1 0.9046006944444445 0.3949363425925926 0.038715277777777855 0.03420138888888893
1 0.8896701388888889 0.48122106481481486 0.04027777777777786 0.03425925925925917
1 0.19603587962962962 0.41015625 0.03396990740740744 0.03246527777777786