1 0.646875 0.61015625 0.0296875 0.03125
0 0.384375 0.6765625 0.02890625 0.0296875
1 0.85078125 0.5578125 0.03203125 0.02890625
1 0.31484375 0.521875 0.03046875 0.02890625
1 0.6109375 0.403125 0.028125 0.0296875
1 0.76875 0.5578125 0.03046875 0.02734375
1 0.81875 0.290625 0.03203125 0.03125
1 0.3078125 0.71953125 0.03359375 0.034375
1 0.9234375 0.575 0.034375 0.0296875
1 0.82734375 0.63125 0.03203125 0.02890625
1 0.0921875 0.721875 0.034375 0.03125
1 0.87578125 0.57578125 0.03359375 0.0296875
1 0.74921875 0.5359375 0.0296875 0.02890625
1 0.28984375 0.50859375 0.03046875 0.02890625
1 0.05546875 0.70078125 0.0390625 0.03359375
1 0.15390625 0.55546875 0.03359375 0.0296875