1 0.3551215277777778 0.3362326388888889 0.03700231481481477 0.03673611111111112
0 0.28369212962962964 0.5042881944444444 0.03534722222222229 0.03357638888888879
1 0.7153472222222221 0.55296875 0.03695601851851862 0.03517361111111121
1 0.4249131944444445 0.6192187499999999 0.03700231481481477 0.03673611111111121
1 0.5906307870370371 0.5142361111111111 0.03539351851851844 0.03513888888888879
1 0.5205324074074074 0.37352430555555555 0.033784722222222285 0.03354166666666671
1 0.3177372685185185 0.5425694444444444 0.033784722222222195 0.03354166666666671
1 0.26211805555555556 0.3881076388888889 0.03695601851851853 0.03517361111111113
1 0.14932291666666667 0.47472222222222216 0.04012731481481482 0.036805555555555716
1 0.3092129629629629 0.6455729166666666 0.03700231481481477 0.03673611111111121
1 0.5432233796296296 0.3200868055555556 0.035393518518518616 0.03513888888888887
1 0.4114409722222222 0.6517534722222222 0.03695601851851862 0.03517361111111121
1 0.06278935185185185 0.6776215277777778 0.04012731481481482 0.036805555555555716
1 0.7761689814814815 0.5582291666666667 0.03373842592592595 0.03197916666666671
1 0.27200231481481485 0.4766666666666667 0.03695601851851853 0.03517361111111104