1 0.4608796296296296 0.7106481481481481 0.03888888888888893 0.03888888888888893
1 0.4760416666666666 0.4880787037037037 0.03732638888888893 0.038831018518518515
1 0.39525462962962965 0.35011574074074076 0.03894675925925926 0.040451388888888926
1 0.23347800925925927 0.511082175925926 0.03888888888888893 0.03888888888888893
1 0.3154224537037037 0.659230324074074 0.038831018518518515 0.03732638888888893
1 0.513888888888889 0.6673611111111111 0.03732638888888893 0.03883101851851869
1 0.7192418981481481 0.5875868055555555 0.03888888888888893 0.03888888888888893
1 0.09525462962962963 0.6549768518518518 0.043634259259259255 0.040625
1 0.39722222222222225 0.42430555555555555 0.03732638888888893 0.038831018518518515
1 0.5394097222222223 0.6402199074074074 0.03732638888888893 0.038831018518518515
1 0.1611400462962963 0.5801793981481481 0.042013888888888885 0.039004629629629764
0 0.38168402777777777 0.6788483796296296 0.03888888888888893 0.03888888888888893
1 0.6514756944444444 0.3377604166666667 0.03888888888888893 0.03888888888888893
1 0.49921875 0.31339699074074073 0.037384259259259166 0.04039351851851851
1 0.485474537037037 0.363599537037037 0.03732638888888893 0.038831018518518515
1 0.3470196759259259 0.4591145833333334 0.0421875 0.04369212962962976