1 0.728125 0.5125 0.03203125 0.03046875
1 0.8171875 0.578125 0.0328125 0.02890625
1 0.69453125 0.5921875 0.02890625 0.0296875
1 0.728125 0.5515625 0.02890625 0.02734375
1 0.76484375 0.4953125 0.03046875 0.028125
1 0.8640625 0.6875 0.03359375 0.03046875
1 0.79140625 0.5125 0.03046875 0.0296875
1 0.8171875 0.49375 0.03046875 0.02890625
0 0.671875 0.53046875 0.0296875 0.02890625
1 0.815625 0.5265625 0.03203125 0.028125
1 0.90703125 0.4609375 0.034375 0.0296875
1 0.77890625 0.4484375 0.03046875 0.0296875
1 0.7921875 0.4796875 0.03203125 0.0296875
1 0.8796875 0.38359375 0.03515625 0.03203125
1 0.759375 0.540625 0.03046875 0.02890625
1 0.3265625 0.7046875 0.03125 0.0328125