1 0.5552372685185185 0.2779340277777778 0.04050925925925917 0.04137731481481488
1 0.8288773148148149 0.39403935185185185 0.042071759259259524 0.041469907407407455
0 0.6418402777777779 0.2696701388888889 0.04050925925925917 0.04137731481481488
1 0.22907986111111106 0.688744212962963 0.04201388888888893 0.03990740740740737
1 0.37647569444444445 0.31358217592592597 0.03894675925925926 0.041284722222222216
1 0.4858796296296296 0.32902199074074073 0.03894675925925917 0.041284722222222216
1 0.5019965277777778 0.46821759259259255 0.040451388888888926 0.03981481481481488
1 0.8954282407407408 0.47857060185185185 0.04212962962962976 0.043032407407407366
1 0.34464699074074073 0.3209490740740741 0.03894675925925926 0.041284722222222216
1 0.3238715277777778 0.3519328703703704 0.04207175925925925 0.04146990740740737
1 0.3797743055555555 0.6351851851851851 0.03252314814814809 0.036226851851851906
1 0.5905960648148149 0.5138599537037037 0.03888888888888893 0.039722222222222214
1 0.5203993055555556 0.4365914351851852 0.04212962962962976 0.043032407407407366