1 0.5247916666666667 0.7046469907407408 0.04166666666666678 0.03964120370370381
1 0.505 0.5485358796296296 0.04166666666666661 0.03964120370370381
1 0.41317708333333336 0.39114583333333336 0.04510416666666668 0.04437500000000005
1 0.43098958333333337 0.435457175925926 0.04010416666666679 0.03961805555555564
1 0.4688020833333333 0.48651041666666667 0.04166666666666678 0.03964120370370381
1 0.42411458333333335 0.5200173611111112 0.04010416666666661 0.03961805555555564
1 0.49703125000000004 0.5814988425925925 0.04166666666666678 0.03964120370370381
1 0.38015625000000003 0.48234953703703703 0.043333333333333356 0.0412268518518518
1 0.5227083333333333 0.5209027777777777 0.04010416666666679 0.03961805555555564
1 0.4844791666666667 0.61609375 0.04322916666666661 0.0396643518518518
1 0.4416666666666666 0.46657986111111105 0.04166666666666678 0.03964120370370381
1 0.7488541666666666 0.4057233796296297 0.043229166666666784 0.0396643518518518
1 0.4492708333333333 0.5102604166666667 0.04166666666666678 0.03964120370370363
1 0.5969270833333333 0.5315335648148147 0.04166666666666678 0.03964120370370381
1 0.50328125 0.4641030092592592 0.04166666666666678 0.03964120370370381
0 0.46760416666666665 0.4333506944444444 0.04166666666666678 0.03964120370370381