1 0.026429398148148153 0.7319791666666667 0.041192129629629634 0.038541666666666786
1 0.21534143518518517 0.5618229166666666 0.034664351851851814 0.03343749999999997
1 0.15716435185185185 0.6567708333333334 0.03622685185185186 0.03354166666666671
1 0.17686921296296296 0.5757291666666667 0.03622685185185186 0.03354166666666671
1 0.018628472222222227 0.59890625 0.03622685185185185 0.03354166666666671
1 0.09190393518518518 0.55359375 0.03935185185185186 0.03375000000000004
1 0.1358101851851852 0.7259375 0.03788194444444444 0.035208333333333286
1 0.2343576388888889 0.5850520833333334 0.03300925925925924 0.031770833333333394
1 0.08359375 0.6408854166666667 0.03788194444444444 0.035208333333333286
1 0.02769675925925926 0.5650000000000001 0.04109953703703704 0.036979166666666785
1 0.19997685185185185 0.59609375 0.03310185185185186 0.033333333333333395
1 0.04950810185185185 0.6072395833333333 0.03944444444444445 0.03531250000000004
1 0.021550925925925928 0.5363541666666667 0.03778935185185185 0.033645833333333285
0 0.18111689814814816 0.5305208333333333 0.03788194444444444 0.035208333333333286
1 0.6164236111111111 0.42463541666666665 0.0331018518518519 0.033333333333333215
1 0.05164930555555556 0.5446354166666667 0.03962962962962964 0.038437500000000034