1 0.2606597222222222 0.56875 0.03427083333333334 0.0328125
1 0.2735243055555555 0.54296875 0.032638888888888926 0.03125
1 0.33069444444444446 0.53984375 0.03420138888888893 0.03125
1 0.31786458333333334 0.56484375 0.032638888888888926 0.03125
0 0.2787326388888889 0.390625 0.03590277777777775 0.034375
1 0.3017534722222222 0.540625 0.032638888888888926 0.03125
1 0.28635416666666663 0.51796875 0.03420138888888893 0.03125
1 0.2881076388888889 0.56640625 0.03256944444444443 0.0296875
1 0.3035069444444445 0.5890625 0.032638888888888926 0.03125
1 0.3324826388888889 0.5875 0.032638888888888926 0.03125
1 0.34453125 0.5625 0.03420138888888893 0.03125
1 0.3015625 0.4921875 0.03420138888888893 0.03125
1 0.3169270833333333 0.515625 0.032638888888888926 0.03125
1 0.2463020833333333 0.59296875 0.032638888888888926 0.03125
1 0.27602430555555557 0.5921875 0.03413194444444443 0.0296875
1 0.3606770833333333 0.5859375 0.03413194444444443 0.0296875