1 0.6684027777777778 0.47578125 0.03859953703703702 0.03620370370370374
1 0.7408564814814815 0.44085069444444447 0.04027777777777786 0.03777777777777782
1 0.9657118055555557 0.44778356481481474 0.04508101851851833 0.03937500000000007
1 0.7659432870370371 0.4734953703703704 0.04027777777777786 0.037777777777777646
1 0.8308449074074075 0.7059548611111112 0.04184027777777786 0.03778935185185191
1 0.7084780092592593 0.5208217592592593 0.03859953703703702 0.03620370370370374
1 0.516724537037037 0.41202546296296294 0.03703703703703702 0.03619212962962966
0 0.839670138888889 0.6668055555555557 0.04184027777777786 0.03778935185185191
1 0.8520543981481481 0.4963078703703704 0.04351851851851833 0.03936342592592599
1 0.622337962962963 0.698119212962963 0.03859953703703702 0.03620370370370374
1 0.5866608796296297 0.7124537037037036 0.038831018518518515 0.03932870370370374
1 0.8759548611111111 0.5445949074074073 0.04508101851851833 0.03937500000000007
1 0.7044849537037037 0.4458101851851852 0.03859953703703702 0.03620370370370374
1 0.593113425925926 0.4302199074074074 0.03859953703703702 0.03620370370370374
1 0.9120949074074073 0.5365104166666667 0.04351851851851833 0.03936342592592599
1 0.437962962962963 0.42511574074074077 0.03703703703703702 0.03619212962962966