1 0.20020254629629627 0.3288831018518518 0.03396990740740744 0.031736111111111145
1 0.44178240740740743 0.6579340277777778 0.03246527777777786 0.03327546296296298
1 0.6417534722222222 0.36060185185185184 0.03240740740740744 0.03171296296296298
1 0.6360243055555556 0.38879629629629625 0.03084490740740744 0.03168981481481481
1 0.1915509259259259 0.5835590277777778 0.0338541666666667 0.028611111111111143
1 0.30593171296296295 0.6786863425925926 0.03246527777777786 0.03327546296296298
1 0.13017939814814813 0.4275231481481482 0.03715277777777777 0.033344907407407476
1 0.1019386574074074 0.4732291666666667 0.03709490740740744 0.031782407407407474
1 0.1425925925925926 0.5561747685185185 0.03547453703703703 0.03019675925925931
1 0.08828125 0.5257465277777778 0.037094907407407396 0.031782407407407474
1 0.05833333333333333 0.5332175925925926 0.035532407407407395 0.031759259259259306
1 0.031539351851851846 0.582025462962963 0.04178240740740742 0.0318518518518518
1 0.24927662037037032 0.5850462962962963 0.03396990740740744 0.031736111111111145
1 0.03214699074074074 0.4602083333333333 0.038599537037037036 0.03024305555555564