1 0.4327951388888889 0.43293981481481475 0.03746527777777775 0.03490740740740748
1 0.4193402777777778 0.35887152777777775 0.03746527777777775 0.03490740740740739
1 0.4640104166666667 0.39651620370370366 0.03746527777777793 0.03490740740740748
1 0.45472222222222225 0.45137731481481486 0.03746527777777775 0.03490740740740748
1 0.38901041666666664 0.3976273148148148 0.03597222222222225 0.03644675925925931
1 0.3915972222222222 0.36788194444444444 0.03746527777777775 0.03490740740740748
1 0.3654513888888889 0.37765046296296295 0.03597222222222225 0.03644675925925931
1 0.4605381944444444 0.4239293981481481 0.03739583333333343 0.033344907407407476
1 0.44052083333333336 0.37810185185185186 0.03753472222222225 0.03646990740740748
1 0.4454861111111111 0.34910300925925924 0.03597222222222207 0.03644675925925931
1 0.4100868055555555 0.4145138888888889 0.03597222222222207 0.03644675925925931
1 0.4143402777777778 0.38708912037037035 0.03746527777777775 0.03490740740740739
1 0.43623263888888886 0.4047453703703704 0.03746527777777793 0.03490740740740748
1 0.4682291666666667 0.3683101851851852 0.03590277777777775 0.03488425925925931
1 0.4724479166666667 0.3401041666666667 0.03597222222222225 0.03644675925925931
0 0.2043576388888889 0.6403645833333333 0.044062499999999984 0.04281250000000014