1 0.8062557870370369 0.20789930555555552 0.040173611111111285 0.03894675925925926
1 0.8312326388888888 0.20619212962962963 0.041782407407407615 0.040567129629629675
1 0.858275462962963 0.30060763888888886 0.0433912037037036 0.0421875
1 0.557037037037037 0.32271412037037034 0.03861111111111111 0.03888888888888893
1 0.45252893518518517 0.41183449074074074 0.03700231481481495 0.03726851851851851
1 0.3523321759259259 0.4616898148148148 0.03700231481481477 0.03726851851851851
1 0.3933854166666667 0.5274305555555555 0.03539351851851853 0.035648148148148096
1 0.5725 0.42225115740740743 0.03690972222222229 0.03414351851851851
1 0.42417245370370366 0.5106481481481481 0.033784722222222285 0.03402777777777786
1 0.382349537037037 0.6037037037037036 0.035393518518518616 0.035648148148148096
1 0.36223958333333334 0.5848958333333334 0.03539351851851853 0.035648148148148096
1 0.3649131944444444 0.622337962962963 0.03534722222222229 0.034085648148148094
1 0.3554918981481482 0.5155381944444445 0.033784722222222285 0.03402777777777786
0 0.3302893518518518 0.747193287037037 0.03695601851851853 0.03570601851851851
1 0.39491898148148147 0.5 0.033784722222222195 0.03402777777777786