0 0.15258680555555557 0.621875 0.03993055555555554 0.0390625
1 0.32151041666666663 0.50859375 0.04152777777777779 0.040625
1 0.23319444444444443 0.43984375 0.043055555555555534 0.0390625
1 0.2263020833333333 0.46875 0.03993055555555554 0.0390625
1 0.2999826388888889 0.49296875 0.038298611111111124 0.0359375
1 0.2694270833333333 0.53203125 0.038298611111111124 0.0359375
1 0.21800347222222222 0.52578125 0.03673611111111112 0.0359375
1 0.22333333333333333 0.496875 0.036701388888888874 0.034375
1 0.2173784722222222 0.55390625 0.03833333333333329 0.0375
1 0.2501215277777778 0.48671875 0.04309027777777778 0.040625
1 0.2962152777777778 0.521875 0.038298611111111124 0.0359375
1 0.25619791666666664 0.459375 0.03677083333333329 0.0375
1 0.27850694444444446 0.475 0.04152777777777779 0.040625
1 0.2732118055555556 0.50234375 0.03673611111111112 0.0359375
1 0.24479166666666666 0.515625 0.036701388888888874 0.034375
1 0.24184027777777778 0.54296875 0.03993055555555554 0.0390625