1 0.6664409722222222 0.5222164351851852 0.033055555555555574 0.03329861111111114
1 0.45570601851851855 0.44720486111111113 0.03461805555555557 0.03332175925925931
1 0.5052604166666667 0.4917881944444444 0.033055555555555574 0.03329861111111114
1 0.32109375 0.628125 0.034641203703703737 0.03644675925925931
1 0.30214699074074075 0.39087962962962963 0.03619212962962966 0.03490740740740739
1 0.6980787037037037 0.5740972222222223 0.03461805555555557 0.03332175925925931
1 0.4539583333333333 0.5277083333333333 0.033055555555555574 0.03329861111111114
1 0.6659780092592593 0.5651967592592593 0.03619212962962966 0.03490740740740748
1 0.49748263888888894 0.3911111111111111 0.034641203703703737 0.03644675925925922
1 0.6366956018518518 0.51484375 0.034629629629629656 0.03488425925925931
0 0.5579282407407408 0.5347627314814816 0.033055555555555574 0.03329861111111114
1 0.5999363425925927 0.5099189814814815 0.03620370370370374 0.03646990740740748
1 0.6370659722222223 0.56484375 0.03619212962962966 0.03490740740740748
1 0.5335590277777778 0.40932870370370367 0.034641203703703737 0.03644675925925931
1 0.604837962962963 0.5387557870370371 0.033055555555555574 0.03329861111111114
1 0.32144675925925925 0.570300925925926 0.034629629629629656 0.03488425925925931