1 0.7186111111111112 0.5191840277777778 0.0393518518518519 0.03964120370370381
1 0.4798379629629629 0.4492476851851851 0.0393518518518519 0.03964120370370381
1 0.7188888888888888 0.7675983796296296 0.044062500000000074 0.04283564814814813
0 0.7387789351851852 0.6054108796296296 0.0409143518518519 0.03966435185185198
1 0.4523553240740741 0.4300925925925926 0.0393518518518519 0.03964120370370381
1 0.6816608796296297 0.6983043981481482 0.0393518518518519 0.03964120370370381
1 0.9032870370370369 0.6679976851851852 0.044062500000000074 0.04283564814814813
1 0.4461053240740741 0.3245428240740741 0.04092592592592599 0.0412268518518518
1 0.7578587962962964 0.7556770833333333 0.0409143518518519 0.0396643518518518
1 0.8768171296296297 0.7855613425925926 0.045636574074073975 0.04442129629629647
1 0.4614872685185185 0.29196180555555556 0.04093750000000007 0.042789351851851884
1 0.7608449074074074 0.6315162037037038 0.0409143518518519 0.03966435185185198
1 0.8655671296296298 0.6377546296296297 0.04405092592592581 0.04127314814814813
1 0.836574074074074 0.8365219907407407 0.04719907407407398 0.04444444444444429
1 0.8400810185185186 0.6772164351851852 0.0409143518518519 0.0396643518518518
1 0.7905439814814815 0.8444328703703704 0.042488425925925985 0.04125000000000014