1 0.5452604166666667 0.434375 0.03916666666666657 0.039722222222222214
1 0.6849305555555556 0.43875578703703705 0.04079861111111107 0.04137731481481488
1 0.795625 0.860625 0.04725694444444439 0.04643518518518519
0 0.8204340277777777 0.6298958333333333 0.04555555555555557 0.04321759259259252
1 0.5147048611111111 0.3078935185185185 0.03923611111111107 0.041284722222222216
1 0.15078125 0.25438078703703704 0.04555555555555557 0.04321759259259252
1 0.8763888888888889 0.6090567129629629 0.04399305555555557 0.04312500000000004
1 0.7850173611111112 0.6394849537037037 0.04555555555555557 0.04321759259259252
1 0.11991319444444444 0.2961863425925926 0.04711805555555557 0.04331018518518519
1 0.8624652777777777 0.7165393518518519 0.04718750000000007 0.04487268518518519
1 0.8639236111111112 0.7844155092592593 0.04555555555555557 0.0432175925925927
1 0.8427256944444445 0.7457581018518519 0.042291666666666575 0.03990740740740737
1 0.8249652777777777 0.7143171296296297 0.04236111111111107 0.041469907407407545