1 0.26417824074074076 0.3134375 0.040451388888888926 0.03981481481481479
1 0.44253472222222223 0.49862268518518515 0.040451388888888926 0.03981481481481488
1 0.5269097222222222 0.41943287037037036 0.03888888888888893 0.039722222222222214
1 0.5917534722222222 0.4864178240740741 0.03888888888888893 0.039722222222222214
1 0.63828125 0.5008680555555556 0.040451388888888926 0.03981481481481488
1 0.5875578703703704 0.5415162037037037 0.040451388888888926 0.03981481481481488
1 0.5923321759259259 0.5862326388888889 0.03888888888888893 0.039722222222222214
1 0.8057581018518519 0.6238252314814815 0.038831018518518334 0.03815972222222221
1 0.7459780092592593 0.6514641203703704 0.03726851851851851 0.03806712962962955
1 0.8280092592592592 0.8457523148148148 0.042071759259259524 0.041469907407407545
1 0.8311342592592592 0.6775578703703704 0.0387731481481481 0.03659722222222221
1 0.653269675925926 0.6319386574074074 0.038831018518518515 0.03815972222222221
1 0.5611111111111111 0.5641145833333333 0.035648148148148096 0.03641203703703688
0 0.6526331018518519 0.57265625 0.035648148148148096 0.03641203703703706
1 0.665625 0.5445833333333333 0.035648148148148096 0.03641203703703688