1 0.43190972222222224 0.6906481481481481 0.03815972222222221 0.03936342592592581
1 0.47858217592592595 0.6502314814814815 0.03815972222222221 0.03936342592592599
0 0.10076967592592592 0.6096122685185186 0.04615740740740741 0.042893518518518546
1 0.18034143518518517 0.45407407407407413 0.04284722222222222 0.03960648148148138
1 0.3183449074074074 0.45655671296296296 0.03806712962962964 0.03780092592592581
1 0.7175115740740741 0.46323495370370366 0.03641203703703706 0.0361574074074074
1 0.43919560185185186 0.3273032407407407 0.03981481481481488 0.041006944444444395
1 0.6743750000000001 0.49760416666666674 0.03806712962962955 0.03780092592592581
1 0.523425925925926 0.6315277777777778 0.03806712962962955 0.03780092592592581
1 0.8496990740740742 0.6172916666666667 0.0396296296296299 0.03788194444444439
1 0.5229398148148148 0.6758969907407407 0.03650462962962955 0.0377199074074074
1 0.8971006944444444 0.6680381944444445 0.04284722222222257 0.03960648148148138
1 0.6621585648148148 0.6200289351851852 0.03806712962962955 0.03780092592592581
1 0.8010300925925925 0.7160185185185185 0.0380671296296299 0.03780092592592581
1 0.27393518518518517 0.6271585648148148 0.04137731481481479 0.04108796296296298
1 0.8241261574074074 0.46175347222222224 0.0380671296296299 0.03780092592592581