1 0.2253703703703704 0.3794444444444444 0.04108796296296298 0.04108796296296298
1 0.2252662037037037 0.40748842592592593 0.04265046296296297 0.04116898148148138
1 0.27552662037037035 0.44515625 0.04265046296296297 0.04116898148148138
1 0.2504803240740741 0.3978877314814815 0.041006944444444395 0.03952546296296298
1 0.22520254629629627 0.43631365740740746 0.04265046296296297 0.04116898148148138
1 0.20009259259259257 0.4178703703703704 0.04108796296296298 0.04108796296296298
1 0.2764525462962963 0.4179340277777778 0.04265046296296297 0.04116898148148138
1 0.2772569444444445 0.38836805555555554 0.04108796296296298 0.04108796296296298
0 0.7674594907407407 0.5859780092592592 0.04265046296296297 0.04116898148148138
1 0.25115740740740744 0.4259722222222222 0.041006944444444395 0.03952546296296298
1 0.27575810185185184 0.3594618055555555 0.04265046296296297 0.041168981481481556
1 0.24980324074074076 0.3698032407407407 0.04265046296296297 0.04116898148148147
1 0.20097800925925924 0.3898668981481482 0.03936342592592599 0.03788194444444439
1 0.1758449074074074 0.40103009259259254 0.04256944444444444 0.03960648148148138
1 0.27381944444444445 0.472337962962963 0.0393634259259259 0.03788194444444439
1 0.24949074074074074 0.4539351851851851 0.0393634259259259 0.03788194444444457