1 0.51640625 0.553125 0.0265625 0.02734375
1 0.46640625 0.56953125 0.02890625 0.02890625
1 0.50625 0.5828125 0.028125 0.02734375
1 0.5265625 0.50859375 0.02734375 0.02890625
1 0.55546875 0.5453125 0.0296875 0.02890625
1 0.58125 0.44296875 0.0265625 0.02734375
1 0.6515625 0.53828125 0.0296875 0.0296875
1 0.54453125 0.58984375 0.02890625 0.028125
1 0.50859375 0.48125 0.02890625 0.028125
0 0.56484375 0.66484375 0.02890625 0.0296875
1 0.53828125 0.48203125 0.028125 0.028125
1 0.4828125 0.5296875 0.0296875 0.0296875
1 0.6125 0.428125 0.03046875 0.03046875
1 0.73125 0.678125 0.03046875 0.03125
1 0.71171875 0.70703125 0.02890625 0.03125
1 0.6140625 0.515625 0.02890625 0.028125