1 0.6832233796296296 0.5928298611111111 0.04122685185185197 0.04152777777777779
1 0.7410069444444444 0.64234375 0.04122685185185197 0.04152777777777779
1 0.6976851851851851 0.5667187499999999 0.04122685185185197 0.04152777777777779
1 0.7555092592592592 0.5662152777777778 0.03964120370370381 0.03993055555555554
1 0.7691956018518519 0.5932638888888888 0.03964120370370363 0.03993055555555554
1 0.7120659722222222 0.6406423611111112 0.0412268518518518 0.04152777777777779
1 0.7265914351851851 0.5660763888888889 0.04122685185185197 0.04152777777777779
1 0.6695486111111111 0.5665625000000001 0.03964120370370381 0.03993055555555571
1 0.7547106481481481 0.6178125 0.03964120370370381 0.03993055555555571
1 0.726574074074074 0.61765625 0.0412268518518518 0.04152777777777779
1 0.7249363425925927 0.6653645833333333 0.03961805555555564 0.03836805555555554
1 0.7418402777777778 0.5930902777777778 0.03964120370370381 0.03993055555555554
1 0.7136458333333333 0.5890277777777777 0.03803240740740747 0.03677083333333329
1 0.6976331018518518 0.6159548611111111 0.04120370370370381 0.03996527777777779
1 0.7852314814814815 0.5678993055555556 0.04122685185185197 0.04152777777777779
0 0.21615740740740738 0.34765625 0.047546296296296295 0.046354166666666696