1 0.5438078703703704 0.44373263888888886 0.030567129629629618 0.031226851851851832
0 0.18475115740740738 0.6885648148148148 0.03851851851851853 0.03631944444444457
1 0.4894907407407407 0.43406828703703704 0.02900462962962962 0.031145833333333428
1 0.47479745370370374 0.4824131944444444 0.030567129629629618 0.031226851851851832
1 0.5508333333333333 0.4698900462962963 0.030567129629629618 0.031226851851851832
1 0.5027604166666666 0.48642361111111115 0.030520833333333285 0.029664351851851834
1 0.49490740740740746 0.4618692129629629 0.030567129629629618 0.031226851851851832
1 0.5158680555555556 0.4389409722222222 0.030613425925925954 0.03278935185185183
1 0.49116898148148147 0.5353877314814814 0.028958333333333287 0.029583333333333427
1 0.573287037037037 0.449224537037037 0.03212962962962962 0.031307870370370416
1 0.5314814814814814 0.4911747685185185 0.030567129629629618 0.031226851851851832
1 0.4677488425925926 0.457037037037037 0.030567129629629618 0.031226851851851832
1 0.5097627314814815 0.5133622685185185 0.030474537037036953 0.028101851851851833
1 0.4841666666666667 0.508449074074074 0.030567129629629618 0.031226851851851832
1 0.5228935185185185 0.46509837962962963 0.032175925925925955 0.03287037037037024
1 0.4615509259259259 0.4292766203703703 0.02900462962962962 0.031145833333333428