1 0.3609375 0.6984375 0.0296875 0.03046875
1 0.5125 0.646875 0.02890625 0.0296875
1 0.4 0.5 0.02734375 0.02734375
1 0.59765625 0.7140625 0.02890625 0.0296875
1 0.721875 0.55 0.03046875 0.02890625
1 0.4203125 0.678125 0.02890625 0.0296875
1 0.553125 0.53828125 0.0265625 0.02734375
1 0.7734375 0.50625 0.03125 0.028125
1 0.74921875 0.61328125 0.03203125 0.0296875
1 0.74765625 0.5296875 0.03125 0.0296875
1 0.796875 0.43359375 0.03046875 0.02890625
1 0.90234375 0.3421875 0.034375 0.0296875
1 0.83671875 0.440625 0.034375 0.0296875
1 0.9453125 0.30625 0.03671875 0.02890625
1 0.7875 0.40546875 0.03046875 0.028125
0 0.840625 0.38671875 0.03203125 0.0296875