1 0.52890625 0.665625 0.02890625 0.03125
1 0.79296875 0.3421875 0.03203125 0.03046875
1 0.353125 0.39296875 0.02890625 0.03125
1 0.34921875 0.36484375 0.03046875 0.03125
1 0.6625 0.6890625 0.03046875 0.03125
1 0.778125 0.584375 0.03125 0.0265625
1 0.78984375 0.51328125 0.0328125 0.02890625
1 0.57421875 0.3765625 0.02734375 0.02890625
1 0.534375 0.365625 0.02890625 0.03046875
0 0.75234375 0.60625 0.03125 0.0296875
1 0.7234375 0.5953125 0.03125 0.03046875
1 0.678125 0.48828125 0.02890625 0.028125
1 0.76875 0.4875 0.03203125 0.0296875
1 0.475 0.4671875 0.02890625 0.0296875