1 0.2734375 0.67578125 0.0328125 0.0328125
1 0.475 0.6375 0.028125 0.03046875
1 0.51328125 0.60625 0.028125 0.02890625
1 0.709375 0.40859375 0.03046875 0.0296875
1 0.85 0.584375 0.0328125 0.0296875
1 0.15078125 0.53125 0.0328125 0.0296875
1 0.37578125 0.33046875 0.0296875 0.03125
1 0.88125 0.5265625 0.034375 0.03046875
1 0.4375 0.6921875 0.0265625 0.0296875
1 0.64375 0.55390625 0.0296875 0.02890625
1 0.284375 0.49375 0.0296875 0.0296875
1 0.675 0.35546875 0.0296875 0.03046875
1 0.5203125 0.65 0.02890625 0.03125
1 0.82890625 0.49140625 0.034375 0.03046875
1 0.76875 0.34453125 0.028125 0.02890625
0 0.10390625 0.70859375 0.03515625 0.03125