1 0.3348958333333333 0.5 0.04156250000000004 0.0375
1 0.3003645833333334 0.4625 0.04156250000000004 0.0375
1 0.34 0.5296875 0.040000000000000036 0.0375
1 0.31942708333333336 0.54921875 0.04166666666666661 0.0390625
1 0.36947916666666664 0.53828125 0.040000000000000036 0.0375
1 0.35713541666666665 0.48203125 0.040000000000000036 0.0375
1 0.3621875 0.5109375 0.040000000000000036 0.0375
1 0.39015625 0.5203125 0.040000000000000036 0.0375
1 0.3143229166666667 0.51953125 0.03989583333333328 0.0359375
1 0.40848958333333335 0.50234375 0.03989583333333328 0.0359375
1 0.32671875 0.5765625 0.043229166666666693 0.0390625
1 0.348125 0.5578125 0.04156250000000004 0.0375
1 0.38359375 0.4921875 0.040000000000000036 0.0375
1 0.30692708333333335 0.490625 0.04166666666666661 0.0390625
1 0.3290625 0.47109375 0.0416666666666667 0.0390625
0 0.35802083333333334 0.71796875 0.046666666666666676 0.04375