1 0.8261458333333334 0.49894097222222217 0.03739583333333343 0.03440972222222207
1 0.9348263888888889 0.5097048611111111 0.04222222222222207 0.03774305555555557
1 0.8012152777777779 0.5335763888888889 0.03909722222222243 0.03760416666666657
1 0.3200694444444444 0.34210069444444446 0.03753472222222225 0.03753472222222225
1 0.7314756944444445 0.5062673611111111 0.03746527777777775 0.03597222222222225
1 0.32635416666666667 0.37612847222222223 0.03597222222222225 0.03746527777777775
1 0.6576215277777778 0.34347222222222223 0.03590277777777775 0.03590277777777775
1 0.35711805555555554 0.45585069444444437 0.03753472222222225 0.037534722222222074
1 0.43407986111111113 0.6013541666666666 0.03590277777777793 0.03590277777777775
1 0.9020486111111111 0.5454687500000001 0.03902777777777757 0.03604166666666657
1 0.4401215277777778 0.4654166666666667 0.03434027777777793 0.035833333333333425
1 0.37680555555555556 0.5742708333333333 0.03746527777777775 0.03597222222222207
0 0.09371527777777777 0.663263888888889 0.04385416666666666 0.03937500000000007
1 0.9377083333333334 0.4448611111111111 0.04222222222222207 0.03774305555555557
1 0.2772569444444445 0.4983854166666667 0.03746527777777775 0.03597222222222207
1 0.41677083333333337 0.44696180555555554 0.03753472222222225 0.03753472222222225