1 0.45859375 0.5223842592592592 0.03125 0.029918981481481487
1 0.153125 0.4660532407407407 0.034375 0.029942129629629655
1 0.73203125 0.5367650462962963 0.0328125 0.03149305555555557
1 0.2640625 0.5355439814814815 0.0328125 0.033055555555555574
1 0.3671875 0.6027488425925925 0.0328125 0.033055555555555574
1 0.40859375 0.5602546296296296 0.03125 0.031481481481481485
1 0.53203125 0.5616840277777777 0.03125 0.031481481481481485
1 0.37578125 0.40815393518518517 0.03125 0.031481481481481485
1 0.26484375 0.32147569444444446 0.034375 0.034629629629629656
1 0.425 0.5257581018518518 0.0328125 0.03149305555555557
1 0.3921875 0.4416261574074074 0.034375 0.033067129629629655
1 0.17890625 0.5502372685185185 0.0359375 0.03151620370370374
1 0.32265625 0.5577662037037037 0.03125 0.031481481481481485
1 0.3703125 0.6769444444444443 0.0328125 0.033055555555555574
1 0.08359375 0.33922453703703703 0.040625 0.036238425925925896
0 0.32890625 0.3358449074074074 0.0328125 0.033055555555555574