0 0.9501793981481482 0.7274479166666666 0.039282407407407405 0.03687500000000003
1 0.5719560185185186 0.6703125 0.032951388888889 0.03489583333333339
1 0.2503240740740741 0.6535416666666667 0.036076388888888825 0.035104166666666714
1 0.5291319444444444 0.6402083333333334 0.03287037037037042 0.033333333333333215
1 0.5283159722222223 0.68453125 0.032951388888889 0.034895833333333216
1 0.6219965277777778 0.3591145833333333 0.03459490740740741 0.03656249999999996
1 0.15469328703703705 0.5809895833333334 0.039282407407407405 0.03687499999999986
1 0.3831655092592593 0.4677604166666667 0.03287037037037042 0.033333333333333215
1 0.8764641203703704 0.55203125 0.036076388888889 0.035104166666666714
1 0.39199074074074075 0.5929166666666668 0.03443287037037042 0.03343750000000014
1 0.6182986111111111 0.7232291666666667 0.03295138888888882 0.034895833333333216
1 0.34109375000000003 0.4221354166666666 0.03287037037037042 0.033333333333333215
1 0.23527199074074073 0.39328124999999997 0.03295138888888891 0.03489583333333339
1 0.7377083333333333 0.5186458333333334 0.034513888888889 0.03499999999999996
1 0.20406828703703703 0.5422395833333333 0.03763888888888891 0.035208333333333286
1 0.7767939814814815 0.701875 0.0361574074074074 0.036666666666666715