1 0.5704687500000001 0.6322337962962964 0.04120370370370381 0.04207175925925917
1 0.7292303240740741 0.6026331018518518 0.03964120370370363 0.04195601851851851
1 0.592662037037037 0.602662037037037 0.04122685185185197 0.043634259259259164
1 0.5940335648148147 0.7479166666666666 0.04122685185185197 0.043634259259259164
1 0.5400462962962964 0.6331018518518519 0.04120370370370381 0.04207175925925917
1 0.562974537037037 0.600462962962963 0.04120370370370381 0.04207175925925917
1 0.6514236111111111 0.5656539351851851 0.04120370370370381 0.04207175925925917
1 0.6063194444444445 0.681712962962963 0.03964120370370381 0.04195601851851851
1 0.5423842592592593 0.5802083333333334 0.03807870370370381 0.04184027777777786
1 0.6360358796296296 0.6331886574074075 0.0412268518518518 0.043634259259259164
0 0.6041898148148148 0.6433159722222223 0.03964120370370381 0.04195601851851851
1 0.6194386574074074 0.56640625 0.0412268518518518 0.043634259259259164
1 0.5117881944444445 0.5693576388888889 0.03649305555555564 0.040162037037037024
1 0.6590914351851852 0.6091435185185186 0.04120370370370381 0.04207175925925917
1 0.6474652777777777 0.7198784722222222 0.03964120370370381 0.04195601851851851
1 0.5209490740740741 0.608275462962963 0.03964120370370381 0.04195601851851851