1 0.5444039351851853 0.3078125 0.03964120370370381 0.0390625
1 0.3543113425925926 0.34375 0.03964120370370372 0.0390625
1 0.45377893518518525 0.41328125 0.03805555555555564 0.0375
1 0.33435763888888886 0.36796875 0.03964120370370372 0.0390625
1 0.4748090277777777 0.35625 0.03964120370370381 0.0390625
1 0.9800925925925925 0.5 0.03981481481481488 0.046875
1 0.8272685185185186 0.46953125 0.04120370370370381 0.0390625
0 0.30125578703703704 0.66484375 0.03805555555555555 0.0375
1 0.9086284722222221 0.31875 0.04435185185185162 0.040625
1 0.24934027777777779 0.58828125 0.04120370370370372 0.0390625
1 0.19690972222222222 0.740625 0.04437500000000001 0.0421875
1 0.6048668981481482 0.27578125 0.03964120370370381 0.0390625
1 0.36756944444444445 0.65859375 0.033344907407407386 0.0359375