1 0.18576967592592591 0.6663657407407408 0.0369097222222222 0.033078703703703735
1 0.0642650462962963 0.7584548611111112 0.04329861111111111 0.03781250000000007
1 0.19648148148148148 0.7531828703703705 0.03861111111111111 0.037777777777777646
1 0.2585763888888889 0.6090798611111111 0.03373842592592595 0.03149305555555557
1 0.6194039351851852 0.3781076388888889 0.03383101851851862 0.03461805555555557
1 0.6210185185185185 0.34998842592592594 0.035393518518518616 0.034629629629629656
1 0.2147743055555556 0.6368865740740741 0.03534722222222229 0.033067129629629474
1 0.07417824074074074 0.6084953703703704 0.04168981481481482 0.036238425925925986
1 0.12369791666666667 0.49321180555555555 0.041736111111111106 0.03780092592592581
1 0.10505208333333334 0.5423032407407408 0.03851851851851853 0.034652777777777824
1 0.07349537037037038 0.5787962962962963 0.03847222222222222 0.03309027777777782
1 0.09052083333333334 0.37340856481481477 0.03695601851851853 0.034641203703703737
0 0.24329861111111112 0.4917534722222222 0.040127314814814775 0.036226851851851906
1 0.11139467592592593 0.4337326388888889 0.03851851851851853 0.034652777777777824
1 0.34538773148148144 0.7120891203703704 0.03543981481481477 0.03619212962962966
1 0.12195601851851852 0.3673900462962963 0.038564814814814816 0.03621527777777782