1 0.3656828703703704 0.5794270833333334 0.03402777777777777 0.033784722222222285
1 0.49933449074074077 0.4128877314814815 0.034085648148148094 0.03534722222222229
1 0.46629050925925924 0.6293344907407408 0.03402777777777786 0.033784722222222285
1 0.42502893518518514 0.4763831018518518 0.03246527777777786 0.03373842592592595
1 0.5173032407407406 0.6457060185185185 0.03246527777777786 0.03373842592592595
0 0.7271122685185185 0.7668923611111111 0.03726851851851851 0.03700231481481495
1 0.4656539351851851 0.43535300925925924 0.03246527777777786 0.03373842592592595
1 0.8427951388888889 0.7687557870370371 0.0387731481481481 0.03548611111111111
1 0.587962962962963 0.44836226851851857 0.03252314814814809 0.03530092592592595
1 0.3996238425925926 0.5921643518518518 0.034085648148148184 0.03534722222222229
1 0.5887152777777778 0.5758680555555555 0.030787037037037022 0.030567129629629618
1 0.5728877314814815 0.6653414351851852 0.03402777777777786 0.033784722222222285
1 0.9137152777777778 0.6488483796296297 0.04195601851851834 0.03714120370370359
1 0.6837384259259259 0.4175694444444444 0.035648148148148096 0.035393518518518616
1 0.5499131944444444 0.6310300925925926 0.03246527777777786 0.03373842592592595
1 0.5370659722222222 0.30216435185185186 0.03414351851851851 0.0369097222222222