1 0.7391435185185184 0.3946527777777778 0.034629629629629656 0.0361574074074074
1 0.7699016203703704 0.43213541666666666 0.03619212962962966 0.036238425925925986
1 0.8223958333333334 0.4497337962962963 0.03618055555555557 0.03467592592592581
1 0.7924189814814815 0.4122106481481481 0.03619212962962948 0.03623842592592581
1 0.7882986111111111 0.38350694444444444 0.03619212962962966 0.036238425925925896
1 0.7802893518518518 0.35734953703703703 0.03619212962962948 0.036238425925925986
1 0.768130787037037 0.40409143518518514 0.03618055555555557 0.034675925925925985
1 0.8198437500000001 0.42173032407407407 0.03618055555555557 0.03467592592592581
1 0.8108275462962963 0.3651446759259259 0.03618055555555557 0.034675925925925985
1 0.803587962962963 0.33738425925925924 0.03619212962962948 0.036238425925925896
1 0.7440393518518519 0.4225347222222222 0.03619212962962948 0.036238425925925986
1 0.8165046296296297 0.3929861111111111 0.03618055555555557 0.0346759259259259
1 0.7158506944444445 0.41539930555555554 0.03619212962962966 0.036238425925925986
1 0.7585474537037037 0.3764525462962963 0.033055555555555574 0.03451388888888891
1 0.7957523148148148 0.4401736111111111 0.03775462962962948 0.03631944444444439
0 0.8213078703703705 0.619386574074074 0.037766203703703385 0.03788194444444457