1 0.11079861111111111 0.5364409722222222 0.02802083333333334 0.03399305555555543
1 0.07145833333333333 0.5761805555555556 0.03746527777777779 0.03597222222222207
1 0.05102430555555555 0.595625 0.03746527777777779 0.03597222222222225
1 0.09267361111111111 0.5567708333333334 0.03427083333333332 0.03427083333333343
1 0.07880208333333334 0.6046875 0.037395833333333336 0.03440972222222225
1 0.10743055555555556 0.6122222222222222 0.03902777777777775 0.03604166666666657
1 0.12572916666666667 0.6232118055555556 0.02177083333333334 0.03371527777777779
1 0.11416666666666667 0.5663368055555555 0.026250000000000016 0.02923611111111111
1 0.12154513888888889 0.5940625 0.024826388888888884 0.03229166666666679
1 0.1000173611111111 0.5852777777777778 0.037395833333333336 0.03440972222222225
0 0.26368055555555553 0.6543923611111111 0.03909722222222225 0.03760416666666657