1 0.4447106481481482 0.6374826388888889 0.034641203703703737 0.03746527777777775
1 0.66796875 0.39232638888888893 0.034641203703703737 0.03746527777777775
1 0.6763715277777778 0.36616319444444445 0.034641203703703737 0.03746527777777775
1 0.24354745370370373 0.2783333333333333 0.03777777777777782 0.03916666666666666
1 0.31031250000000005 0.6403298611111111 0.03620370370370374 0.037534722222222074
1 0.4691550925925926 0.3503645833333333 0.033055555555555574 0.03427083333333334
1 0.3314930555555556 0.44010416666666663 0.033055555555555574 0.03427083333333343
1 0.12669560185185186 0.4343576388888889 0.040891203703703694 0.03774305555555557
1 0.2415162037037037 0.42612847222222217 0.03776620370370374 0.03760416666666657
1 0.049103009259259256 0.5097048611111111 0.04402777777777778 0.03944444444444439
1 0.5658680555555555 0.4296875 0.033067129629629655 0.035833333333333425
1 0.2634606481481481 0.5400347222222223 0.03776620370370374 0.03760416666666657
1 0.21184027777777778 0.534513888888889 0.03618055555555557 0.03440972222222225
1 0.13647569444444446 0.383125 0.040902777777777774 0.03930555555555557
0 0.43118634259259264 0.28875 0.03778935185185191 0.04072916666666675