1 0.44125 0.7033854166666667 0.03996527777777779 0.04120370370370381
1 0.3553298611111111 0.3875752314814815 0.03993055555555554 0.03964120370370372
0 0.4583159722222222 0.5328761574074073 0.03993055555555571 0.03964120370370381
1 0.33869791666666665 0.3628298611111111 0.03989583333333328 0.03807870370370372
1 0.30975694444444446 0.32967592592592593 0.03989583333333328 0.03807870370370372
1 0.2123090277777778 0.14602430555555554 0.04628472222222228 0.0444212962962963
1 0.21440972222222224 0.297505787037037 0.04309027777777778 0.04124999999999997
1 0.11763888888888889 0.39968750000000003 0.04309027777777778 0.04124999999999997
1 0.2901215277777778 0.2643634259259259 0.04149305555555553 0.0396643518518518
1 0.21244791666666668 0.24520833333333333 0.04149305555555553 0.0396643518518518
1 0.055329861111111114 0.5325983796296296 0.04309027777777778 0.04124999999999997
1 0.0792361111111111 0.5111574074074074 0.04309027777777778 0.04124999999999997
1 0.18871527777777777 0.22369212962962964 0.043055555555555534 0.039687499999999966
1 0.009392361111111112 0.5122800925925926 0.018784722222222223 0.04418981481481481
1 0.022421875 0.5338773148148148 0.04484375 0.0428587962962963