1 0.78984375 0.28484375 0.040625 0.041770833333333354
1 0.559375 0.46348958333333334 0.0359375 0.03989583333333328
1 0.871875 0.2621875 0.040625 0.043333333333333356
1 0.65 0.3988541666666667 0.0359375 0.03989583333333337
1 0.8515625 0.3518229166666667 0.040625 0.041770833333333354
1 0.9078125 0.37229166666666663 0.040625 0.04020833333333336
1 0.90625 0.2606770833333333 0.0390625 0.04010416666666661
1 0.46171875 0.36140625000000004 0.0359375 0.03989583333333328
1 0.72734375 0.2632291666666666 0.0375 0.038437500000000034
1 0.903125 0.5718229166666667 0.0390625 0.043229166666666784
1 0.91953125 0.28479166666666667 0.040625 0.03864583333333336
0 0.8609375 0.30276041666666664 0.040625 0.041770833333333354
1 0.89140625 0.2874479166666667 0.0390625 0.0401041666666667
1 0.4234375 0.48270833333333335 0.0375 0.040000000000000036
1 0.9265625 0.34760416666666666 0.0390625 0.038541666666666696