1 0.49821180555555555 0.41890625000000004 0.03620370370370374 0.03833333333333329
1 0.36521990740740745 0.5573958333333333 0.03777777777777782 0.040000000000000036
1 0.3259490740740741 0.48270833333333335 0.03777777777777782 0.040000000000000036
1 0.41598379629629634 0.45093750000000005 0.03777777777777782 0.039999999999999855
1 0.4526678240740741 0.4531770833333333 0.03620370370370374 0.03833333333333329
1 0.24868634259259262 0.47692708333333333 0.0393518518518519 0.04166666666666678
1 0.3992881944444444 0.49109375 0.03778935185185191 0.04156250000000004
1 0.4290393518518519 0.4805208333333333 0.0393518518518519 0.04166666666666678
1 0.33142361111111107 0.5869791666666666 0.0393518518518519 0.04166666666666678
1 0.5031886574074074 0.37953125 0.037777777777777646 0.040000000000000036
1 0.37125 0.48125 0.03777777777777782 0.040000000000000036
1 0.2934837962962963 0.5434375 0.03777777777777782 0.040000000000000036
1 0.5373668981481481 0.40380208333333334 0.03934027777777782 0.04010416666666661
0 0.4851851851851852 0.49083333333333334 0.03776620370370374 0.038437500000000034
1 0.45218749999999996 0.41260416666666666 0.0393518518518519 0.04166666666666661
1 0.39355902777777774 0.5266145833333333 0.036215277777777735 0.03989583333333328