1 0.75203125 0.22485532407407405 0.03753472222222225 0.03726851851851851
0 0.5940451388888889 0.6206886574074074 0.03427083333333343 0.03402777777777786
1 0.7480381944444444 0.31469907407407405 0.03739583333333343 0.03414351851851851
1 0.4539583333333333 0.38564814814814813 0.03427083333333343 0.03402777777777777
1 0.2592361111111111 0.5901909722222222 0.03427083333333325 0.03402777777777786
1 0.8580381944444444 0.4720775462962963 0.03902777777777757 0.03576388888888893
1 0.7278819444444444 0.5400752314814815 0.03746527777777775 0.03570601851851851
1 0.9275 0.40086805555555555 0.04385416666666657 0.0390625
1 0.8710590277777779 0.600289351851852 0.03909722222222243 0.03732638888888893
1 0.8709722222222223 0.23370949074074074 0.04065972222222207 0.037384259259259256
1 0.11039930555555555 0.5871238425925925 0.03902777777777779 0.03576388888888893
1 0.5430381944444445 0.6802951388888889 0.03277777777777775 0.03553240740740726
1 0.7992708333333334 0.26756365740740745 0.03909722222222225 0.03732638888888893
1 0.22934027777777777 0.3853877314814815 0.037395833333333336 0.03414351851851851
1 0.9036458333333334 0.4813078703703704 0.03888888888888893 0.032638888888888926