1 0.415625 0.57890625 0.0296875 0.03046875
1 0.17265625 0.4140625 0.0328125 0.0296875
1 0.72109375 0.5765625 0.03125 0.03046875
1 0.62265625 0.4234375 0.02890625 0.02890625
1 0.6046875 0.51875 0.02734375 0.028125
1 0.4453125 0.5109375 0.0296875 0.0296875
0 0.3890625 0.5046875 0.0296875 0.02890625
1 0.7796875 0.590625 0.03203125 0.0296875
1 0.58515625 0.31953125 0.028125 0.03046875
1 0.70234375 0.45859375 0.0296875 0.0296875
1 0.74453125 0.4453125 0.0328125 0.02890625
1 0.059375 0.60078125 0.0359375 0.03046875
1 0.68671875 0.4171875 0.03203125 0.0296875
1 0.515625 0.45625 0.02890625 0.03046875
1 0.77734375 0.46953125 0.03125 0.028125