1 0.6889236111111111 0.5779687499999999 0.03753472222222225 0.03833333333333329
1 0.7571006944444444 0.6130729166666666 0.03909722222222225 0.038437500000000034
1 0.763888888888889 0.58375 0.03746527777777793 0.03677083333333329
1 0.7916145833333333 0.5769791666666666 0.039027777777777925 0.03687499999999986
1 0.7698958333333333 0.66015625 0.03909722222222225 0.038437500000000034
1 0.7294097222222222 0.6190625 0.039097222222222075 0.038437500000000034
1 0.7436284722222222 0.56359375 0.03909722222222225 0.038437500000000034
1 0.7158680555555555 0.5711458333333332 0.03909722222222225 0.03843749999999986
1 0.7099652777777778 0.5981770833333334 0.03746527777777775 0.03677083333333329
1 0.7991145833333333 0.5492708333333333 0.03902777777777775 0.03687499999999986
1 0.7713888888888889 0.5560416666666667 0.037534722222222074 0.03833333333333329
1 0.784079861111111 0.60546875 0.03746527777777775 0.03677083333333329
1 0.7773958333333333 0.6324479166666667 0.035833333333333425 0.035104166666666714
1 0.7488541666666666 0.6399479166666666 0.03909722222222225 0.038437500000000034
1 0.7368750000000001 0.5921354166666667 0.03746527777777793 0.03677083333333329
0 0.26385416666666667 0.4806770833333333 0.03909722222222225 0.038437500000000034