0 0.25625 0.7272337962962963 0.034375 0.03488425925925931
1 0.67578125 0.5287615740740741 0.03125 0.030150462962962976
1 0.68125 0.5577488425925926 0.0328125 0.03329861111111114
1 0.703125 0.5158854166666667 0.03125 0.03171296296296298
1 0.73046875 0.5584780092592593 0.0328125 0.031736111111111145
1 0.6765625 0.4998668981481481 0.03125 0.030150462962962976
1 0.6515625 0.5424652777777779 0.03125 0.030150462962962976
1 0.6484375 0.5142939814814815 0.03125 0.030150462962962976
1 0.73515625 0.5280787037037037 0.0328125 0.031736111111111145
1 0.6546875 0.4846990740740741 0.0296875 0.030127314814814808
1 0.75859375 0.544050925925926 0.034375 0.031759259259259306
1 0.67734375 0.5881597222222222 0.03125 0.030150462962962976
1 0.6421875 0.597013888888889 0.03125 0.030150462962962976
1 0.7046875 0.5432523148148147 0.03125 0.03171296296296298
1 0.65546875 0.5706481481481481 0.03125 0.030150462962962976
1 0.70859375 0.5800289351851852 0.03125 0.03171296296296298