1 0.652517361111111 0.5250173611111111 0.04207175925925917 0.03996527777777779
1 0.733130787037037 0.5096354166666667 0.042129629629629586 0.04152777777777779
1 0.9517361111111111 0.5738194444444444 0.046932870370370236 0.044756944444444356
1 0.7485821759259259 0.5474479166666667 0.04369212962962976 0.04156250000000004
1 0.7519097222222222 0.7848263888888889 0.0453125 0.04315972222222229
1 0.6802372685185185 0.5779340277777778 0.04050925925925917 0.03993055555555554
1 0.5208333333333334 0.4260763888888889 0.04050925925925917 0.03993055555555554
0 0.7701099537037037 0.7493229166666666 0.0453125 0.04315972222222229
1 0.827488425925926 0.5913541666666667 0.0453125 0.04315972222222229
1 0.549855324074074 0.7249131944444445 0.04050925925925917 0.03993055555555554
1 0.5109664351851853 0.728732638888889 0.0421875 0.04309027777777778
1 0.837962962962963 0.6423263888888888 0.046932870370370236 0.044756944444444356
1 0.6955150462962963 0.5056770833333333 0.04050925925925917 0.03993055555555554
1 0.5908854166666666 0.4627604166666667 0.04050925925925917 0.03993055555555554
1 0.8763020833333334 0.6447395833333334 0.0453125 0.04315972222222229
1 0.43938078703703703 0.41880208333333335 0.04050925925925917 0.03993055555555554