1 0.6875 0.60625 0.028125 0.02890625
1 0.6203125 0.4859375 0.02890625 0.02890625
0 0.82890625 0.540625 0.0328125 0.0296875
1 0.884375 0.55625 0.0328125 0.02890625
1 0.78203125 0.5375 0.03125 0.02890625
1 0.6421875 0.69140625 0.02890625 0.03046875
1 0.51484375 0.3625 0.02890625 0.03046875
1 0.540625 0.66875 0.028125 0.0296875
1 0.6859375 0.4078125 0.028125 0.028125
1 0.653125 0.4890625 0.028125 0.028125
1 0.6375 0.465625 0.028125 0.02890625
1 0.8984375 0.70390625 0.0328125 0.0296875
1 0.93515625 0.4625 0.034375 0.0296875
1 0.9078125 0.32890625 0.034375 0.03125
1 0.59921875 0.6625 0.028125 0.028125
1 0.75078125 0.63203125 0.03125 0.03203125