1 0.6202256944444444 0.3559201388888889 0.03859953703703702 0.03673611111111112
1 0.4523726851851852 0.2738541666666666 0.03703703703703702 0.036701388888888964
1 0.4805844907407407 0.38788194444444446 0.03692129629629637 0.03513888888888887
1 0.4213252314814815 0.28234375 0.03703703703703702 0.036701388888888964
1 0.5345775462962963 0.35392361111111115 0.03703703703703702 0.036701388888888964
1 0.822974537037037 0.7671354166666667 0.04832175925925917 0.04163194444444436
1 0.7247395833333333 0.6507638888888889 0.040162037037037024 0.03677083333333329
0 0.196875 0.5010416666666666 0.03535879629629628 0.035104166666666714
1 0.8877025462962964 0.5777256944444444 0.04328703703703703 0.036840277777777784
1 0.20917245370370371 0.4087326388888889 0.040162037037037024 0.03677083333333329
1 0.06663773148148147 0.5008159722222223 0.04340277777777779 0.038402777777777786
1 0.6873842592592593 0.3653472222222222 0.03859953703703702 0.03673611111111112
1 0.2505787037037037 0.5341666666666667 0.03067129629629637 0.03499999999999996