1 0.63953125 0.45510416666666664 0.032638888888888926 0.033333333333333215
1 0.66359375 0.43947916666666664 0.03256944444444443 0.031770833333333214
1 0.6630902777777777 0.4683333333333334 0.03420138888888893 0.03343749999999997
1 0.7380381944444444 0.44697916666666665 0.031006944444444427 0.03166666666666664
1 0.7401388888888889 0.4172395833333333 0.03256944444444443 0.031770833333333214
1 0.6874305555555555 0.4815104166666666 0.03576388888888893 0.03354166666666671
1 0.7110243055555555 0.49395833333333333 0.03420138888888893 0.03343749999999997
1 0.73625 0.5047395833333332 0.03569444444444443 0.03197916666666671
1 0.68796875 0.45187499999999997 0.031006944444444427 0.03166666666666664
1 0.7398263888888889 0.38921875 0.032638888888888926 0.033333333333333305
1 0.6893229166666667 0.42140625 0.03413194444444443 0.031874999999999966
1 0.7136979166666666 0.4338020833333333 0.03256944444444443 0.031770833333333214
1 0.7131597222222222 0.46343750000000006 0.03256944444444443 0.031770833333333214
1 0.7149479166666667 0.4056770833333333 0.03420138888888893 0.03343749999999997
0 0.23744791666666668 0.5636979166666667 0.03583333333333334 0.035104166666666714
1 0.7375347222222223 0.4758333333333333 0.03420138888888893 0.03343750000000014