1 0.5237847222222223 0.4711226851851852 0.03888888888888893 0.03888888888888893
1 0.38275462962962964 0.5813657407407408 0.04050925925925926 0.04050925925925934
1 0.3485243055555555 0.4997395833333334 0.04050925925925934 0.04050925925925917
1 0.4393229166666666 0.48671875 0.04050925925925917 0.04050925925925917
1 0.4755787037037037 0.4966435185185185 0.03888888888888893 0.03888888888888893
1 0.27123842592592595 0.4773726851851852 0.042129629629629586 0.042129629629629586
1 0.4203703703703704 0.5226851851851851 0.04056712962962976 0.04207175925925917
1 0.45063657407407404 0.5183449074074075 0.04212962962962976 0.04212962962962976
1 0.3469039351851852 0.603443287037037 0.042129629629629586 0.042129629629629586
1 0.5309606481481481 0.43315972222222215 0.04050925925925917 0.04050925925925917
1 0.39328703703703705 0.507638888888889 0.04050925925925934 0.04050925925925917
1 0.31223958333333335 0.5522280092592593 0.04050925925925926 0.04050925925925917
1 0.5633101851851852 0.4640046296296296 0.042129629629629586 0.04212962962962976
0 0.5060474537037037 0.5399016203703704 0.040451388888888926 0.03894675925925917
1 0.47795138888888894 0.45538194444444446 0.04212962962962976 0.042129629629629586
1 0.4130497685185185 0.5567418981481481 0.03894675925925935 0.040451388888888926