1 0.3684490740740741 0.6125 0.0412268518518518 0.040625
1 0.48473958333333333 0.49921875 0.03805555555555564 0.0375
1 0.48936342592592597 0.54765625 0.03964120370370381 0.0390625
1 0.6284375000000001 0.44296875 0.03964120370370381 0.0390625
1 0.43425925925925923 0.51953125 0.0412268518518518 0.040625
1 0.45898726851851845 0.55390625 0.03964120370370381 0.0390625
1 0.6065914351851852 0.49765625 0.03964120370370363 0.0390625
1 0.5304340277777777 0.525 0.03964120370370381 0.0390625
1 0.4106481481481481 0.61328125 0.03964120370370381 0.0390625
1 0.5575752314814816 0.45859375 0.03805555555555564 0.0375
1 0.3902951388888889 0.5578125 0.03961805555555546 0.0375
1 0.4222569444444444 0.553125 0.03964120370370381 0.0390625
1 0.6368402777777777 0.4828125 0.03964120370370381 0.0390625
1 0.6427256944444444 0.5109375 0.03964120370370381 0.0390625
1 0.39769097222222227 0.5296875 0.03964120370370363 0.0390625
0 0.36704282407407407 0.67578125 0.0412268518518518 0.040625