1 0.4771759259259259 0.33760416666666665 0.032222222222222284 0.033506944444444464
1 0.29756944444444444 0.28616319444444444 0.032175925925925955 0.03194444444444446
1 0.3036400462962963 0.687326388888889 0.03226851851851853 0.035069444444444285
1 0.5631886574074073 0.30680555555555555 0.032222222222222284 0.033506944444444464
1 0.28150462962962963 0.4067534722222222 0.03373842592592595 0.03197916666666671
1 0.3384722222222222 0.48668402777777775 0.032175925925925955 0.03194444444444446
1 0.2963425925925926 0.6437673611111111 0.032222222222222284 0.033506944444444464
1 0.19392361111111112 0.2533333333333333 0.03539351851851853 0.03513888888888887
1 0.24394675925925924 0.5676388888888889 0.03373842592592595 0.03197916666666671
0 0.5930960648148148 0.3514236111111111 0.032175925925925955 0.03194444444444446
1 0.17345486111111114 0.5489062499999999 0.02431712962962962 0.030208333333333216
1 0.13599537037037038 0.2585243055555556 0.03851851851851853 0.035208333333333286
1 0.34703703703703703 0.61921875 0.032222222222222194 0.033506944444444464
1 0.22702546296296297 0.5063368055555555 0.01953703703703704 0.026979166666666644
1 0.3330324074074074 0.6702777777777778 0.032175925925925955 0.03194444444444446