1 0.51328125 0.47734375 0.0265625 0.0265625
1 0.4515625 0.49453125 0.02890625 0.02890625
1 0.36953125 0.421875 0.03046875 0.0296875
1 0.82109375 0.51640625 0.03203125 0.02890625
1 0.73984375 0.478125 0.0296875 0.028125
1 0.74375 0.52265625 0.03046875 0.02890625
1 0.43359375 0.43125 0.02890625 0.03125
1 0.71796875 0.45 0.02890625 0.02890625
1 0.69375 0.5453125 0.0296875 0.0296875
1 0.73828125 0.5890625 0.03359375 0.03203125
0 0.70234375 0.4921875 0.0296875 0.02890625
1 0.6671875 0.48515625 0.03125 0.0296875
1 0.6453125 0.534375 0.0296875 0.02890625
1 0.603125 0.36640625 0.02890625 0.0296875
1 0.6640625 0.44765625 0.02890625 0.02890625