1 0.6852430555555555 0.4409085648148148 0.040451388888888926 0.038657407407407265
1 0.632638888888889 0.47056134259259264 0.04050925925925917 0.04021990740740744
1 0.39829282407407407 0.6031481481481482 0.03888888888888893 0.03861111111111111
1 0.2 0.5629803240740741 0.045370370370370325 0.045046296296296265
1 0.434693287037037 0.631724537037037 0.040567129629629585 0.04178240740740744
1 0.7006655092592593 0.698761574074074 0.042129629629629586 0.04182870370370377
1 0.7751157407407406 0.6060300925925926 0.043634259259259164 0.04031249999999993
1 0.790306712962963 0.4487210648148148 0.04369212962962976 0.041874999999999926
1 0.3407696759259259 0.6391898148148147 0.0421875 0.0433912037037036
1 0.44644097222222223 0.5884548611111111 0.03888888888888893 0.03861111111111111
1 0.15364583333333331 0.3817418981481482 0.046932870370370375 0.045092592592592594
1 0.8082465277777778 0.6596759259259259 0.04525462962962976 0.04192129629629626
1 0.5883969907407407 0.5904918981481482 0.04050925925925917 0.04021990740740744
1 0.4453414351851852 0.2810127314814815 0.04375 0.04343749999999993
0 0.03425925925925925 0.5288715277777778 0.046875 0.04353009259259259
1 0.29033564814814816 0.39954282407407404 0.042129629629629586 0.04182870370370377