1 0.5961631944444444 0.527818287037037 0.04152777777777779 0.042731481481481384
1 0.3142361111111111 0.6431018518518519 0.04149305555555553 0.04116898148148138
1 0.56140625 0.2658622685185185 0.04152777777777779 0.04273148148148156
1 0.75609375 0.24874421296296295 0.04624999999999986 0.04453703703703695
0 0.6914236111111112 0.31452546296296297 0.04149305555555553 0.041168981481481556
1 0.7072916666666667 0.1623148148148148 0.04312499999999986 0.04437499999999996
1 0.6236979166666667 0.5529224537037037 0.03993055555555554 0.04108796296296298
1 0.39928819444444447 0.5380266203703703 0.03677083333333338 0.03936342592592581
1 0.39899305555555553 0.3757291666666666 0.03836805555555554 0.041006944444444395
1 0.3410243055555556 0.3506423611111111 0.03836805555555554 0.041006944444444395
1 0.70828125 0.39870949074074075 0.04149305555555553 0.04116898148148147
1 0.7712326388888889 0.515619212962963 0.04149305555555553 0.041168981481481556
1 0.2657638888888889 0.6822916666666666 0.03833333333333329 0.039444444444444574
1 0.9353645833333333 0.3635243055555556 0.04468749999999986 0.04445601851851855
1 0.6639236111111111 0.2878587962962963 0.04152777777777779 0.04273148148148156