1 0.09765625 0.37890625 0.03515625 0.0296875
1 0.12578125 0.38984375 0.03046875 0.02890625
1 0.1546875 0.396875 0.03515625 0.03125
1 0.11328125 0.6 0.03671875 0.03046875
1 0.07265625 0.56171875 0.03515625 0.0296875
1 0.08984375 0.43515625 0.03515625 0.03046875
1 0.04921875 0.62578125 0.0359375 0.03125
1 0.1453125 0.6203125 0.03359375 0.03125
0 0.0796875 0.6421875 0.0375 0.03203125
1 0.09921875 0.575 0.03515625 0.03046875
1 0.05703125 0.36953125 0.0359375 0.03125
1 0.14609375 0.43125 0.0359375 0.03125
1 0.1578125 0.65859375 0.03359375 0.03046875
1 0.1453125 0.684375 0.03515625 0.0296875
1 0.07421875 0.41015625 0.0359375 0.028125
1 0.075 0.5953125 0.03359375 0.0296875