1 0.3331423611111111 0.3624826388888889 0.036238425925925896 0.036701388888888874
1 0.5118171296296297 0.2726736111111111 0.036238425925925986 0.036701388888888874
1 0.4691435185185185 0.3883333333333333 0.0361574074074074 0.03513888888888887
1 0.07873842592592592 0.7840624999999999 0.04585648148148147 0.041597222222222285
1 0.3942939814814815 0.3720486111111111 0.03780092592592599 0.03673611111111112
1 0.541880787037037 0.2798090277777778 0.03623842592592581 0.036701388888888874
1 0.1903240740740741 0.6637500000000001 0.03936342592592594 0.03677083333333329
0 0.739375 0.4892361111111111 0.0361574074074074 0.03513888888888879
1 0.8692245370370371 0.48322916666666665 0.04092592592592581 0.036805555555555536
1 0.0377199074074074 0.5969097222222223 0.04256944444444444 0.038402777777777786
1 0.6813425925925926 0.5248611111111111 0.029826388888888822 0.03343749999999997
1 0.6659953703703703 0.4596527777777778 0.03780092592592581 0.03673611111111121
1 0.2646469907407408 0.37414930555555553 0.03780092592592599 0.03673611111111112