1 0.2796875 0.41328125 0.03046875 0.0296875
1 0.32109375 0.5046875 0.03125 0.03046875
1 0.26328125 0.49921875 0.03203125 0.0296875
1 0.27890625 0.57109375 0.03125 0.03046875
1 0.35546875 0.4390625 0.0296875 0.028125
1 0.68125 0.48515625 0.0296875 0.02734375
1 0.1640625 0.63046875 0.03203125 0.02734375
1 0.63203125 0.39921875 0.02890625 0.028125
1 0.184375 0.6890625 0.03125 0.02890625
1 0.07109375 0.684375 0.0359375 0.03046875
1 0.2875 0.48046875 0.03046875 0.02890625
0 0.3296875 0.71171875 0.03203125 0.03203125
1 0.05234375 0.44609375 0.03671875 0.0296875
1 0.084375 0.56796875 0.0375 0.03125
1 0.2453125 0.6359375 0.02421875 0.03203125
1 0.4765625 0.446875 0.02890625 0.02890625