1 0.4484375 0.37539930555555556 0.0328125 0.037395833333333336
1 0.51640625 0.49013888888888885 0.0328125 0.035833333333333425
1 0.4203125 0.5171180555555555 0.034375 0.03434027777777793
1 0.40859375 0.4619097222222222 0.034375 0.03434027777777775
1 0.43515625 0.4763715277777778 0.034375 0.03434027777777775
1 0.44140625 0.6774305555555555 0.0328125 0.035833333333333425
1 0.73046875 0.5348090277777777 0.034375 0.03434027777777775
1 0.65625 0.6104166666666666 0.0328125 0.035833333333333425
1 0.4703125 0.6982465277777777 0.0328125 0.035833333333333425
1 0.3859375 0.5702777777777778 0.034375 0.03590277777777775
1 0.25234375 0.47449652777777784 0.0359375 0.03440972222222207
0 0.5625 0.59140625 0.0328125 0.03427083333333343
1 0.8796875 0.7250347222222222 0.0359375 0.03753472222222225
1 0.20078125 0.3987673611111111 0.034375 0.03590277777777775
1 0.83359375 0.5597048611111111 0.0328125 0.03270833333333343