0 0.11311342592592592 0.7228125000000001 0.03616898148148149 0.033645833333333285
1 0.39991898148148153 0.5428124999999999 0.029895833333333323 0.030104166666666644
1 0.37563078703703706 0.42640625 0.029907407407407403 0.03166666666666664
1 0.28192708333333333 0.42640625 0.03304398148148149 0.03343750000000014
1 0.4691666666666666 0.5091666666666667 0.031469907407407405 0.031770833333333214
1 0.48207175925925927 0.6701041666666667 0.02835648148148149 0.03312500000000007
1 0.32784143518518516 0.5106770833333333 0.029907407407407403 0.03166666666666664
1 0.15554398148148146 0.5476041666666667 0.033032407407407406 0.03187500000000014
1 0.6967650462962963 0.45328125 0.031469907407407405 0.031770833333333214
1 0.5282465277777778 0.6841145833333333 0.029918981481481487 0.03322916666666664
1 0.34533564814814816 0.44781250000000006 0.031481481481481485 0.033333333333333215
1 0.28162037037037035 0.7012499999999999 0.02833333333333332 0.030000000000000072
1 0.22039930555555554 0.5534895833333333 0.031469907407407405 0.031770833333333214
1 0.26130787037037034 0.4890625 0.031469907407407405 0.031770833333333394
1 0.28638310185185184 0.6063020833333332 0.029895833333333323 0.030104166666666644
1 0.6493981481481481 0.5945833333333332 0.029907407407407403 0.03166666666666664