1 0.6603125000000001 0.5867245370370371 0.03434027777777793 0.03486111111111114
1 0.6207986111111111 0.525943287037037 0.032638888888888926 0.03171296296296298
1 0.6471006944444444 0.5146064814814815 0.032638888888888926 0.03171296296296298
1 0.6491666666666667 0.48571180555555554 0.035833333333333425 0.03332175925925931
1 0.6163888888888889 0.5548032407407407 0.03420138888888893 0.031736111111111145
1 0.67265625 0.5024768518518519 0.032638888888888926 0.03171296296296298
1 0.5988715277777777 0.5092013888888889 0.032638888888888926 0.03171296296296298
1 0.6661805555555556 0.5602314814814815 0.032638888888888926 0.03171296296296298
1 0.6244270833333333 0.4970717592592592 0.03256944444444443 0.030150462962962976
1 0.6427604166666667 0.5419039351851852 0.03420138888888893 0.031736111111111145
1 0.5944618055555555 0.5380613425925926 0.032638888888888926 0.03171296296296298
1 0.6690277777777778 0.5313483796296297 0.032638888888888926 0.03171296296296298
1 0.67625 0.47438657407407414 0.032638888888888926 0.03171296296296298
1 0.5717881944444445 0.5205266203703703 0.031076388888888928 0.03168981481481481
0 0.22578125 0.4606770833333334 0.03427083333333334 0.03329861111111114
1 0.6390625 0.572337962962963 0.032638888888888926 0.03171296296296298