1 0.6963715277777778 0.5737210648148148 0.03746527777777793 0.034641203703703737
1 0.8749131944444443 0.5492708333333333 0.03902777777777757 0.034652777777777644
1 0.3734375 0.42450231481481476 0.03760416666666666 0.03776620370370374
1 0.4065451388888889 0.7652604166666667 0.03923611111111107 0.03934027777777764
1 0.32505208333333335 0.47803240740740743 0.03753472222222225 0.03620370370370374
1 0.32347222222222227 0.5654918981481482 0.03746527777777775 0.034641203703703737
1 0.2729513888888889 0.41282407407407407 0.03916666666666666 0.03777777777777782
1 0.7004861111111111 0.2972800925925926 0.03916666666666657 0.03777777777777782
1 0.4923958333333333 0.2894907407407407 0.03597222222222225 0.03619212962962966
1 0.2082638888888889 0.6442997685185186 0.04236111111111107 0.03936342592592599
0 0.46552083333333333 0.7039988425925926 0.03760416666666675 0.03776620370370374
1 0.3148784722222222 0.3897048611111111 0.03916666666666666 0.03777777777777782
1 0.10276041666666666 0.431869212962963 0.04079861111111112 0.0393518518518519
1 0.1997048611111111 0.8207407407407408 0.04399305555555557 0.04093750000000007
1 0.3526215277777778 0.5711747685185186 0.03909722222222225 0.036215277777777645
1 0.1586284722222222 0.8102835648148148 0.04555555555555557 0.04094907407407433