1 0.4832118055555556 0.3716145833333333 0.03650462962962955 0.03746527777777775
1 0.5726504629629631 0.3560069444444444 0.03650462962962955 0.03746527777777775
0 0.5956076388888889 0.4048090277777778 0.03806712962962955 0.03753472222222225
1 0.31256365740740744 0.29039930555555554 0.03641203703703706 0.03590277777777775
1 0.32630787037037035 0.4946701388888889 0.03631944444444439 0.03434027777777775
1 0.280619212962963 0.4064756944444444 0.03797453703703706 0.03597222222222225
1 0.26342013888888893 0.6438368055555556 0.03641203703703706 0.03590277777777775
1 0.21534143518518517 0.23907986111111112 0.03806712962962964 0.03753472222222225
1 0.1550578703703704 0.5293576388888889 0.02850694444444444 0.03399305555555561
1 0.22140624999999997 0.5597222222222222 0.03641203703703706 0.03590277777777775
1 0.15762152777777777 0.23494791666666667 0.03962962962962964 0.03760416666666666
1 0.3167824074074074 0.6289756944444445 0.03650462962962964 0.03746527777777793
1 0.2134375 0.4959201388888889 0.02197916666666666 0.029027777777777784
1 0.2958969907407408 0.6773958333333333 0.03641203703703706 0.03590277777777793
1 0.26546875000000003 0.6885763888888888 0.03659722222222221 0.039027777777777925