0 0.29296875 0.59140625 0.03046875 0.03046875
1 0.58828125 0.5421875 0.028125 0.02890625
1 0.48046875 0.4890625 0.028125 0.028125
1 0.32265625 0.5359375 0.0296875 0.0296875
1 0.56328125 0.4859375 0.028125 0.028125
1 0.425 0.48359375 0.02890625 0.02890625
1 0.4609375 0.534375 0.02890625 0.0296875
1 0.36875 0.4984375 0.02890625 0.028125
1 0.5078125 0.5328125 0.028125 0.03046875
1 0.3875 0.47734375 0.02890625 0.03046875
1 0.634375 0.5046875 0.02890625 0.02890625
1 0.3984375 0.50859375 0.028125 0.02890625
1 0.6234375 0.54375 0.0296875 0.02890625
1 0.3609375 0.55625 0.0296875 0.0296875
1 0.43125 0.525 0.02890625 0.0296875
1 0.61484375 0.57109375 0.0296875 0.02890625