1 0.7359895833333333 0.4447511574074074 0.03500000000000014 0.03451388888888882
1 0.8129687499999999 0.44703125000000005 0.03500000000000014 0.034513888888889
1 0.7301041666666667 0.41526620370370376 0.03499999999999996 0.034513888888889
1 0.7755208333333333 0.3792013888888889 0.03499999999999996 0.03451388888888882
1 0.8029687500000001 0.39110532407407406 0.03489583333333357 0.03295138888888891
1 0.7890104166666666 0.4639525462962963 0.03499999999999996 0.03451388888888882
1 0.7524479166666667 0.3976446759259259 0.03499999999999996 0.03451388888888882
1 0.7085416666666667 0.43284722222222227 0.03500000000000014 0.034513888888889
1 0.8071875000000001 0.4191087962962962 0.034895833333333216 0.032951388888889
1 0.785625 0.4366898148148148 0.03656249999999996 0.03459490740740741
1 0.81484375 0.47515625000000006 0.03322916666666664 0.031307870370370236
1 0.7813541666666667 0.40790509259259256 0.03489583333333339 0.03295138888888882
1 0.7572395833333333 0.42248263888888893 0.03166666666666664 0.031226851851851832
1 0.7624479166666667 0.45357060185185183 0.03645833333333322 0.033032407407407406
1 0.7986979166666666 0.36232060185185183 0.036562500000000143 0.03459490740740741
0 0.21749999999999997 0.5461111111111111 0.041458333333333285 0.037962962962962976