1 0.17296875 0.5022743055555555 0.039999999999999994 0.03805555555555564
1 0.45567708333333334 0.3086111111111111 0.038437500000000034 0.03803240740740747
1 0.38942708333333337 0.3639351851851852 0.03833333333333329 0.03646990740740748
1 0.23276041666666664 0.5086342592592592 0.04156250000000004 0.03807870370370381
1 0.5346354166666666 0.3324594907407407 0.03843749999999986 0.03803240740740747
1 0.8029166666666667 0.5311574074074074 0.041458333333333285 0.03651620370370381
1 0.5079687500000001 0.47439236111111105 0.03843749999999986 0.03803240740740747
1 0.8394791666666667 0.7451909722222222 0.04479166666666643 0.039687499999999966
1 0.5428645833333333 0.44362847222222224 0.03677083333333329 0.03644675925925931
1 0.5122916666666667 0.5855034722222221 0.03989583333333328 0.03649305555555564
1 0.5336458333333333 0.5584490740740741 0.03833333333333329 0.03646990740740748
1 0.36291666666666667 0.4917939814814815 0.03833333333333329 0.03646990740740748
1 0.5855208333333334 0.5193344907407408 0.040000000000000036 0.03805555555555564
1 0.5158854166666667 0.6137094907407408 0.040000000000000036 0.03805555555555564
0 0.56859375 0.5503645833333334 0.03989583333333328 0.03649305555555564