1 0.56015625 0.3703125 0.03125 0.03203125
1 0.559375 0.4578125 0.0296875 0.03203125
1 0.52734375 0.440625 0.0296875 0.03046875
1 0.590625 0.45390625 0.0296875 0.03203125
1 0.49296875 0.525 0.028125 0.02890625
1 0.4171875 0.56328125 0.0296875 0.0296875
1 0.50703125 0.55 0.028125 0.0296875
1 0.5015625 0.4953125 0.028125 0.02890625
1 0.4734375 0.58515625 0.02890625 0.0296875
1 0.53203125 0.56328125 0.0265625 0.0296875
1 0.525 0.51484375 0.028125 0.02890625
1 0.54609375 0.49609375 0.028125 0.03046875
1 0.46328125 0.55 0.0296875 0.03046875
1 0.49765625 0.62109375 0.0296875 0.03125
0 0.53203125 0.596875 0.028125 0.02890625