1 0.10697337962962963 0.6843865740740741 0.03715277777777777 0.034942129629629545
1 0.7887731481481481 0.5407928240740741 0.03547453703703703 0.031724537037036885
1 0.50078125 0.43133680555555554 0.030787037037037022 0.03144675925925924
1 0.07618634259259258 0.585474537037037 0.035532407407407395 0.03328703703703706
1 0.9272858796296297 0.6484375 0.04021990740740762 0.03356481481481488
1 0.7400752314814815 0.7352141203703704 0.03396990740740744 0.03319444444444457
1 0.3321469907407407 0.4182118055555556 0.030787037037037022 0.03144675925925924
1 0.8515914351851851 0.5993229166666667 0.03553240740740762 0.03328703703703706
0 0.8774884259259259 0.6188657407407407 0.03865740740740762 0.033472222222222216
1 0.8652777777777778 0.7794328703703703 0.03865740740740762 0.033472222222222216
1 0.1125 0.5563078703703704 0.03385416666666665 0.030069444444444572
1 0.7671585648148148 0.3633449074074074 0.03396990740740744 0.033194444444444395