1 0.4359375 0.45703125 0.0265625 0.028125
1 0.48671875 0.47109375 0.02890625 0.0296875
1 0.48046875 0.54296875 0.028125 0.028125
1 0.40078125 0.5359375 0.03046875 0.02890625
1 0.47109375 0.51640625 0.02890625 0.028125
1 0.4640625 0.45 0.0296875 0.0296875
1 0.4328125 0.48671875 0.028125 0.0296875
1 0.43671875 0.4015625 0.028125 0.0296875
1 0.39765625 0.4828125 0.0296875 0.02890625
1 0.46015625 0.48515625 0.02890625 0.0296875
1 0.40703125 0.4546875 0.0296875 0.0296875
1 0.3015625 0.53046875 0.03125 0.02890625
1 0.4140625 0.51015625 0.02890625 0.02890625
1 0.4546875 0.559375 0.028125 0.028125
0 0.496875 0.4390625 0.02890625 0.02890625
1 0.4359375 0.53046875 0.03046875 0.0296875