1 0.68046875 0.4296875 0.0296875 0.0296875
1 0.6375 0.4046875 0.03125 0.03046875
1 0.69453125 0.5140625 0.0296875 0.02734375
1 0.721875 0.46171875 0.02890625 0.028125
1 0.7078125 0.48828125 0.03046875 0.02890625
1 0.6796875 0.4828125 0.0265625 0.02578125
1 0.66484375 0.40390625 0.028125 0.02890625
1 0.7375 0.43671875 0.025 0.025
1 0.69375 0.4578125 0.03046875 0.028125
1 0.69453125 0.4046875 0.02890625 0.02890625
1 0.6515625 0.43046875 0.03046875 0.0296875
1 0.665625 0.4546875 0.03203125 0.02890625
0 0.61015625 0.6953125 0.0296875 0.03046875
1 0.709375 0.43203125 0.02890625 0.02734375
1 0.7234375 0.40703125 0.0265625 0.0265625
1 0.753125 0.41640625 0.02578125 0.01875