1 0.33828125 0.5078125 0.0296875 0.0296875
1 0.3140625 0.49453125 0.0296875 0.02890625
1 0.31484375 0.5234375 0.03125 0.02890625
1 0.23984375 0.5109375 0.02890625 0.02890625
1 0.2375 0.48203125 0.03046875 0.02890625
1 0.290625 0.53984375 0.0328125 0.02890625
1 0.2671875 0.55546875 0.03125 0.0296875
1 0.2421875 0.56875 0.03359375 0.028125
1 0.28984375 0.51015625 0.02890625 0.028125
1 0.2375 0.45390625 0.03046875 0.0296875
1 0.28828125 0.4796875 0.03125 0.028125
1 0.2640625 0.4953125 0.03046875 0.02890625
1 0.26484375 0.525 0.03046875 0.028125
1 0.2625 0.4671875 0.03203125 0.02890625
0 0.740625 0.56875 0.0328125 0.03125
1 0.240625 0.53984375 0.03125 0.02890625