1 0.48685185185185187 0.4551678240740741 0.03488425925925931 0.03641203703703706
1 0.5500405092592592 0.44516782407407407 0.03805555555555564 0.039722222222222214
1 0.5993865740740741 0.3452835648148148 0.03964120370370381 0.04137731481481488
1 0.21559027777777776 0.6182465277777778 0.04120370370370363 0.041469907407407545
1 0.27634837962962966 0.5497453703703703 0.03805555555555555 0.039722222222222214
1 0.2894849537037037 0.5919733796296296 0.03961805555555555 0.03981481481481488
1 0.5435995370370371 0.3798668981481481 0.03807870370370381 0.041284722222222216
1 0.2867766203703704 0.5147222222222222 0.03805555555555555 0.039722222222222214
1 0.34421875 0.5918576388888889 0.03964120370370363 0.04137731481481488
1 0.3192824074074074 0.6504166666666666 0.04281249999999996 0.04468750000000003
0 0.31696180555555553 0.5465567129629629 0.03805555555555555 0.039722222222222214
1 0.3463715277777778 0.5260474537037038 0.03964120370370372 0.04137731481481488
1 0.3852199074074074 0.5620601851851852 0.03805555555555555 0.039722222222222214
1 0.36157986111111107 0.3914351851851852 0.03805555555555564 0.039722222222222214
1 0.33568287037037037 0.49071180555555555 0.03805555555555555 0.039722222222222214