1 0.2922800925925926 0.335619212962963 0.03543981481481477 0.03848379629629628
1 0.27088541666666666 0.555613425925926 0.03534722222222229 0.035358796296296194
1 0.2179976851851852 0.5172453703703704 0.03690972222222229 0.03547453703703703
1 0.13694444444444445 0.5574363425925926 0.03851851851851853 0.037152777777777854
1 0.19442708333333333 0.5992766203703704 0.03695601851851853 0.03703703703703702
1 0.2063599537037037 0.46079282407407407 0.0369097222222222 0.03547453703703703
0 0.23960069444444443 0.2902199074074074 0.03700231481481477 0.03859953703703702
1 0.08531828703703703 0.42364004629629626 0.04008101851851853 0.03726851851851851
1 0.2725752314814815 0.7099826388888889 0.03543981481481477 0.03848379629629619
1 0.18706597222222224 0.6363136574074074 0.03861111111111111 0.04027777777777786
1 0.22681712962962966 0.32528935185185187 0.036956018518518444 0.03703703703703702
1 0.24348958333333334 0.37037037037037035 0.03851851851851853 0.03715277777777777
1 0.219068287037037 0.666087962962963 0.03543981481481477 0.03848379629629619
1 0.2849363425925926 0.29279513888888886 0.03695601851851853 0.03703703703703702
1 0.13991319444444444 0.32511574074074073 0.04008101851851853 0.03726851851851851
1 0.07482060185185185 0.619386574074074 0.041736111111111106 0.04050925925925917