0 0.24453125 0.71015625 0.0328125 0.0328125
1 0.67421875 0.528125 0.0296875 0.02890625
1 0.678125 0.55703125 0.03125 0.03046875
1 0.70234375 0.51640625 0.03046875 0.0296875
1 0.72734375 0.559375 0.03125 0.02890625
1 0.6765625 0.49921875 0.03046875 0.02890625
1 0.65 0.540625 0.0296875 0.02890625
1 0.64765625 0.5125 0.0296875 0.02890625
1 0.73359375 0.5296875 0.03203125 0.02890625
1 0.65546875 0.4828125 0.02890625 0.02890625
1 0.75625 0.54609375 0.0328125 0.02890625
1 0.67265625 0.5875 0.03046875 0.02890625
1 0.6375 0.59453125 0.03046875 0.028125
1 0.70234375 0.54375 0.03046875 0.0296875
1 0.65234375 0.56875 0.03046875 0.02890625
1 0.7046875 0.58046875 0.03046875 0.0296875