1 0.5656365740740741 0.37302083333333336 0.04343749999999993 0.04250000000000007
1 0.5266666666666666 0.47509837962962964 0.04021990740740744 0.0393518518518519
1 0.4637037037037037 0.49026041666666664 0.04021990740740744 0.0393518518518519
1 0.294693287037037 0.5241724537037037 0.04182870370370369 0.04092592592592581
1 0.2620196759259259 0.5192418981481481 0.04021990740740744 0.0393518518518519
1 0.16761574074074073 0.5669907407407407 0.04182870370370369 0.04092592592592581
1 0.5136979166666666 0.41170717592592593 0.04021990740740744 0.0393518518518519
1 0.3525462962962963 0.44411458333333337 0.040266203703703776 0.0409143518518519
1 0.22367476851851853 0.6002256944444444 0.038564814814814774 0.03621527777777782
1 0.26667824074074076 0.6521180555555556 0.040127314814814775 0.036226851851851906
0 0.1950173611111111 0.5124942129629629 0.04343750000000002 0.04250000000000007
1 0.2226446759259259 0.6877372685185185 0.04334490740740744 0.03937500000000007
1 0.19894675925925925 0.6172337962962964 0.03369212962962962 0.02993055555555557