1 0.10214699074074074 0.5483969907407408 0.040902777777777774 0.03960648148148138
1 0.0848263888888889 0.5672569444444445 0.04091435185185186 0.04116898148148138
1 0.13969328703703704 0.645630787037037 0.0424884259259259 0.04281249999999996
1 0.3475752314814815 0.4146238425925926 0.03777777777777782 0.03944444444444439
1 0.48213541666666665 0.38265625 0.03620370370370374 0.03780092592592599
1 0.5840451388888889 0.3305150462962963 0.03620370370370374 0.0378009259259259
1 0.6084953703703704 0.4034375 0.034629629629629656 0.0361574074074074
1 0.414212962962963 0.4853587962962963 0.03619212962962966 0.036238425925925986
1 0.5763657407407408 0.4183796296296297 0.033055555555555574 0.034513888888889
1 0.6738310185185185 0.43909722222222225 0.034629629629629476 0.0361574074074074
1 0.6724768518518518 0.41105324074074073 0.034629629629629476 0.0361574074074074
1 0.6996238425925926 0.4361979166666667 0.03461805555555557 0.03459490740740741
1 0.6236226851851852 0.36438657407407404 0.033055555555555574 0.03451388888888891
0 0.8172106481481481 0.4816435185185185 0.03619212962962948 0.03623842592592581
1 0.5867418981481481 0.38816550925925924 0.033055555555555574 0.03451388888888882