1 0.579375 0.6413541666666667 0.03836805555555554 0.03989583333333328
1 0.6140277777777777 0.6179166666666667 0.04149305555555553 0.03996527777777779
1 0.6552083333333334 0.6068402777777777 0.03833333333333329 0.03833333333333329
1 0.7182465277777779 0.5593229166666667 0.03993055555555571 0.03993055555555571
0 0.6193923611111111 0.5779340277777778 0.03993055555555554 0.03993055555555554
1 0.6209722222222223 0.5435069444444445 0.03993055555555554 0.03993055555555554
1 0.6465277777777778 0.5679513888888889 0.04149305555555553 0.03996527777777779
1 0.7557465277777778 0.5584895833333333 0.04149305555555571 0.03996527777777779
1 0.5924131944444444 0.5597743055555556 0.03833333333333329 0.03833333333333329
1 0.6750694444444444 0.5860763888888889 0.03993055555555554 0.03993055555555554
1 0.6928993055555556 0.5090798611111111 0.04149305555555553 0.03996527777777779
1 0.6136631944444444 0.4959895833333333 0.03993055555555571 0.03993055555555554
1 0.6974479166666667 0.5378993055555557 0.03993055555555554 0.03993055555555571
1 0.6445659722222222 0.4796701388888889 0.04152777777777779 0.04152777777777779
1 0.6581944444444444 0.5301736111111112 0.03833333333333329 0.03833333333333329