1 0.64734375 0.73890625 0.029918981481481487 0.03322916666666664
1 0.49463541666666666 0.6795312499999999 0.029907407407407403 0.03166666666666664
1 0.6036921296296296 0.5384375 0.02833333333333332 0.030000000000000072
1 0.41155092592592596 0.7427083333333333 0.029907407407407403 0.03166666666666664
1 0.28300925925925924 0.5725 0.031469907407407405 0.031770833333333214
1 0.5878240740740741 0.7154166666666667 0.029907407407407403 0.03166666666666664
1 0.45164930555555555 0.5689062500000001 0.02677083333333332 0.0298958333333335
1 0.2303472222222222 0.5260416666666666 0.031458333333333324 0.030208333333333216
1 0.2577025462962963 0.63484375 0.033032407407407406 0.031874999999999966
1 0.25708333333333333 0.5512499999999999 0.031469907407407405 0.031770833333333214
1 0.20559606481481482 0.4525520833333333 0.031469907407407405 0.031770833333333394
1 0.09789930555555555 0.3555729166666667 0.03459490740740741 0.03197916666666671
1 0.16581018518518517 0.45770833333333333 0.03459490740740741 0.03197916666666671
1 0.05388888888888889 0.3175 0.0377199074074074 0.032187500000000036
1 0.21397569444444448 0.42421875 0.031458333333333324 0.030208333333333393
0 0.16072337962962963 0.40348958333333335 0.033032407407407406 0.031874999999999966