1 0.909375 0.51484375 0.03203125 0.0296875
1 0.9046875 0.54453125 0.0328125 0.02890625
1 0.82421875 0.57734375 0.03359375 0.02734375
1 0.93203125 0.5328125 0.03203125 0.0296875
1 0.88125 0.5265625 0.0328125 0.02890625
1 0.88671875 0.49765625 0.02890625 0.02890625
1 0.87734375 0.55390625 0.03359375 0.02890625
1 0.8515625 0.5671875 0.03125 0.02734375
1 0.83203125 0.4921875 0.03359375 0.02890625
1 0.83046875 0.5203125 0.0328125 0.02890625
1 0.83671875 0.4640625 0.0328125 0.02890625
1 0.86171875 0.4796875 0.0328125 0.0296875
0 0.725 0.6109375 0.0328125 0.03125
1 0.85703125 0.5078125 0.03203125 0.02734375
1 0.8265625 0.55078125 0.0328125 0.0296875
1 0.85546875 0.5375 0.03203125 0.0296875