1 0.16883680555555555 0.4379166666666666 0.03962962962962964 0.03677083333333329
1 0.19368055555555555 0.4807118055555556 0.03797453703703706 0.03517361111111121
1 0.16815972222222222 0.4097395833333334 0.039722222222222214 0.03833333333333329
1 0.19456597222222222 0.45256944444444447 0.03797453703703706 0.03517361111111104
1 0.21780092592592593 0.49611111111111106 0.03788194444444448 0.033611111111111217
1 0.14373842592592592 0.4522222222222222 0.03962962962962964 0.03677083333333329
1 0.19399305555555557 0.39623263888888893 0.03962962962962964 0.03677083333333329
1 0.21952546296296296 0.4406076388888889 0.041192129629629634 0.036805555555555536
1 0.2186863425925926 0.46796875 0.03962962962962964 0.03677083333333329
1 0.19471643518518517 0.4236284722222223 0.037974537037037015 0.03517361111111121
1 0.16868634259259258 0.46685763888888887 0.041192129629629634 0.036805555555555536
1 0.11947916666666666 0.43916666666666665 0.03962962962962964 0.03677083333333329
1 0.21987268518518518 0.3819444444444445 0.041284722222222216 0.03836805555555554
1 0.22050347222222225 0.41090277777777773 0.03962962962962964 0.03677083333333329
1 0.1438425925925926 0.42406249999999995 0.03631944444444444 0.03357638888888879
0 0.8638888888888889 0.5237673611111111 0.04615740740740719 0.041597222222222285