1 0.5735069444444445 0.2869097222222222 0.034513888888889 0.03354166666666671
0 0.6720601851851852 0.43298611111111107 0.03278935185185183 0.030381944444444288
1 0.2544502314814815 0.5858506944444445 0.03443287037037042 0.03197916666666671
1 0.5505439814814814 0.5792708333333334 0.03451388888888882 0.03354166666666671
1 0.3703935185185185 0.5169444444444444 0.03287037037037042 0.03194444444444446
1 0.4173553240740741 0.3637326388888889 0.03287037037037024 0.03194444444444446
1 0.6447106481481482 0.4788541666666667 0.03278935185185183 0.030381944444444288
1 0.6734895833333333 0.3151215277777778 0.03443287037037024 0.03197916666666663
1 0.7992766203703704 0.37241319444444443 0.03755787037037024 0.032048611111111035
1 0.6692939814814814 0.5766319444444445 0.03451388888888882 0.03354166666666671
1 0.3854513888888889 0.3168402777777778 0.03295138888888891 0.033506944444444464
1 0.5693576388888889 0.6077256944444445 0.03443287037037024 0.03197916666666671
1 0.9181249999999999 0.5484722222222222 0.039201388888889 0.033645833333333285
1 0.19492476851851853 0.6051215277777777 0.03278935185185183 0.030381944444444465
1 0.6782465277777778 0.4039756944444444 0.03443287037037042 0.03197916666666671