1 0.27019675925925923 0.5454571759259259 0.03803240740740739 0.03732638888888893
1 0.34836805555555556 0.5452256944444445 0.03805555555555555 0.03888888888888893
1 0.6581712962962962 0.6333043981481481 0.03803240740740747 0.03732638888888893
1 0.8800000000000001 0.5391203703703704 0.041157407407407476 0.03744212962962976
1 0.8919560185185185 0.5763020833333334 0.041180555555555644 0.039004629629629764
1 0.883599537037037 0.40167824074074077 0.041157407407407476 0.03744212962962958
1 0.8939930555555555 0.33327546296296295 0.042766203703703806 0.040625
1 0.7774074074074073 0.2883101851851852 0.03964120370370381 0.04050925925925934
1 0.8223553240740742 0.2618344907407407 0.042743055555555284 0.0390625
1 0.7268344907407407 0.6944733796296296 0.03805555555555564 0.03888888888888893
1 0.5235532407407407 0.3281539351851852 0.03646990740740748 0.03726851851851851
1 0.44703125000000005 0.3753472222222222 0.03490740740740748 0.0372106481481481
0 0.5644155092592593 0.36640625 0.03803240740740747 0.03732638888888893
1 0.7486168981481482 0.38495370370370374 0.039594907407407474 0.037384259259259166
1 0.841087962962963 0.527517361111111 0.041180555555555644 0.039004629629629764