1 0.6805555555555556 0.5433506944444444 0.028958333333333287 0.02979166666666657
1 0.45903935185185185 0.48967013888888894 0.030520833333333285 0.02988425925925924
1 0.5163541666666667 0.5289409722222222 0.028958333333333287 0.02979166666666657
1 0.3618402777777778 0.6835590277777778 0.030613425925925954 0.03300925925925924
1 0.2963946759259259 0.4488368055555556 0.03212962962962962 0.0315393518518519
1 0.7217650462962963 0.5918055555555556 0.030520833333333285 0.02988425925925924
1 0.4730960648148148 0.5692708333333334 0.028958333333333287 0.02979166666666657
1 0.6888368055555556 0.5859548611111111 0.03212962962962962 0.0315393518518519
1 0.4884375 0.42902199074074077 0.030613425925925954 0.03300925925925924
1 0.649994212962963 0.538420138888889 0.030567129629629618 0.03144675925925924
0 0.575943287037037 0.5660069444444444 0.028958333333333287 0.02979166666666657
1 0.6125173611111111 0.5369791666666666 0.032175925925925955 0.0331018518518519
1 0.6600462962962963 0.5881481481481481 0.03212962962962962 0.0315393518518519
1 0.5278703703703703 0.44383680555555555 0.030613425925925954 0.03300925925925924
1 0.6227025462962963 0.5648784722222222 0.030520833333333285 0.02988425925925924
1 0.3515335648148148 0.6252372685185186 0.030567129629629618 0.03144675925925924