0 0.7489872685185185 0.45796875000000004 0.0453125 0.0451041666666665
1 0.21932870370370372 0.6121874999999999 0.04050925925925926 0.04166666666666678
1 0.2472800925925926 0.61875 0.04207175925925925 0.041770833333333354
1 0.25691550925925927 0.5700520833333333 0.04207175925925925 0.041770833333333354
1 0.2002604166666667 0.5560937499999999 0.042129629629629586 0.043333333333333356
1 0.2580439814814815 0.6453125 0.04207175925925925 0.041770833333333354
1 0.26762152777777776 0.5981770833333334 0.03888888888888893 0.039999999999999855
1 0.24074074074074076 0.6684374999999999 0.043634259259259255 0.041874999999999926
1 0.2955439814814815 0.6055208333333333 0.04207175925925925 0.041770833333333354
1 0.22821180555555554 0.5626562500000001 0.04207175925925925 0.041770833333333354
1 0.2381076388888889 0.5915104166666667 0.04050925925925926 0.04166666666666661
1 0.31362847222222223 0.5824479166666666 0.042129629629629586 0.043333333333333356
1 0.2767939814814815 0.6254166666666666 0.04207175925925925 0.041770833333333354
1 0.28564814814814815 0.5766666666666667 0.04207175925925925 0.041770833333333354
1 0.2086226851851852 0.5840624999999999 0.04369212962962958 0.04343749999999993
1 0.22847222222222224 0.6402083333333334 0.04369212962962958 0.04343749999999993