1 0.6608506944444444 0.3587962962962963 0.038715277777777855 0.03936342592592599
1 0.571556712962963 0.43510416666666674 0.03859953703703702 0.03780092592592581
1 0.45920138888888895 0.33666666666666667 0.038715277777777855 0.0393634259259259
1 0.0848090277777778 0.5460590277777777 0.04508101851851851 0.04125000000000014
1 0.9781828703703704 0.6391550925925926 0.043634259259259164 0.041331018518518545
1 0.1410300925925926 0.5801041666666666 0.045196759259259256 0.04281249999999996
1 0.440769675925926 0.5606249999999999 0.03859953703703702 0.03780092592592581
0 0.8992766203703703 0.6777893518518519 0.04508101851851833 0.04124999999999997
1 0.15856481481481483 0.480619212962963 0.04184027777777777 0.03952546296296298
1 0.9781105324074074 0.5838483796296297 0.04377893518518512 0.039687499999999966
1 0.9397858796296298 0.6573206018518519 0.046643518518518334 0.041331018518518545
1 0.29386574074074073 0.31097222222222226 0.040162037037037024 0.03788194444444439