1 0.11000000000000001 0.5953125 0.04312499999999999 0.0375
1 0.3403125 0.63984375 0.03989583333333328 0.0359375
1 0.18526041666666665 0.634375 0.041458333333333375 0.0359375
1 0.5195833333333333 0.39921875 0.036666666666666715 0.034375
0 0.4794791666666667 0.6765625 0.036666666666666715 0.034375
1 0.08755208333333334 0.4109375 0.04312499999999999 0.0375
1 0.23156249999999998 0.7546875 0.041458333333333285 0.0359375
1 0.9042708333333334 0.4625 0.041458333333333285 0.0359375
1 0.7224999999999999 0.3140625 0.03822916666666672 0.034375
1 0.14796875 0.6609375 0.039583333333333345 0.03125
1 0.16375 0.4171875 0.03989583333333333 0.0359375
1 0.19265625 0.35859375 0.04010416666666665 0.0390625
1 0.22880208333333335 0.44375 0.04156250000000004 0.0375
1 0.7730208333333334 0.52109375 0.044791666666666785 0.0390625
1 0.546875 0.71484375 0.035208333333333286 0.0359375