1 0.52890625 0.665625 0.0296875 0.03125
1 0.353125 0.3921875 0.02890625 0.03046875
1 0.34921875 0.36484375 0.0296875 0.03046875
1 0.79375 0.3421875 0.0328125 0.03125
1 0.66171875 0.68828125 0.03046875 0.03125
1 0.5578125 0.3796875 0.02734375 0.028125
1 0.67734375 0.48828125 0.028125 0.028125
1 0.88125 0.5125 0.0359375 0.0296875
1 0.76875 0.4875 0.03203125 0.0296875
1 0.94375 0.5984375 0.0390625 0.03046875
1 0.44765625 0.44375 0.028125 0.02890625
1 0.7265625 0.596875 0.03203125 0.03046875
1 0.77890625 0.5984375 0.03125 0.02734375
1 0.88125 0.4609375 0.0359375 0.03125
0 0.60625 0.325 0.03203125 0.03359375