1 0.4250173611111111 0.6846180555555555 0.02988425925925924 0.030520833333333285
1 0.6413252314814815 0.6930266203703704 0.0331018518518519 0.032175925925925955
1 0.7726909722222223 0.3186921296296296 0.0331018518518519 0.032175925925925955
1 0.49000000000000005 0.6803530092592592 0.029976851851851904 0.03208333333333328
1 0.6076099537037037 0.6565914351851851 0.02988425925925924 0.030520833333333285
1 0.5187789351851851 0.3394733796296296 0.029976851851851904 0.03208333333333328
1 0.3574305555555556 0.6538657407407407 0.03153935185185182 0.03212962962962962
1 0.4759027777777778 0.4444675925925926 0.029699074074074083 0.027395833333333286
1 0.42714699074074075 0.3328298611111111 0.029976851851851904 0.03208333333333328
1 0.2347164351851852 0.6847974537037037 0.0331018518518519 0.032175925925925955
1 0.3715219907407407 0.27130787037037035 0.0315393518518519 0.03212962962962962
1 0.43631944444444437 0.5860185185185186 0.02979166666666657 0.028958333333333287