1 0.4015625 0.46015625 0.0296875 0.02890625
1 0.375 0.38984375 0.0296875 0.02890625
1 0.42578125 0.41796875 0.0296875 0.02890625
1 0.4265625 0.4734375 0.03046875 0.028125
1 0.35234375 0.434375 0.02890625 0.0296875
1 0.35 0.4046875 0.0296875 0.02890625
1 0.32578125 0.4203125 0.02890625 0.0296875
1 0.42734375 0.4453125 0.03046875 0.02734375
1 0.39921875 0.4046875 0.0296875 0.0296875
1 0.39921875 0.375 0.02890625 0.0296875
1 0.3765625 0.446875 0.02890625 0.0296875
1 0.37578125 0.41875 0.0296875 0.02890625
1 0.4 0.43203125 0.0296875 0.028125
1 0.425 0.3890625 0.02890625 0.028125
1 0.4234375 0.36015625 0.028125 0.0296875
0 0.21640625 0.7125 0.03515625 0.03515625