0 0.8453125 0.7078125 0.03359375 0.0328125
1 0.80625 0.44765625 0.03203125 0.03046875
1 0.7296875 0.47421875 0.028125 0.028125
1 0.65546875 0.39921875 0.028125 0.0296875
1 0.70390625 0.5 0.0296875 0.0296875
1 0.653125 0.4328125 0.02890625 0.0296875
1 0.7078125 0.39140625 0.0296875 0.03046875
1 0.68125 0.4390625 0.02734375 0.02890625
1 0.83359375 0.659375 0.03203125 0.03046875
1 0.71484375 0.43828125 0.0296875 0.03046875
1 0.67734375 0.32734375 0.03046875 0.03046875
1 0.7546875 0.52734375 0.03046875 0.03046875
1 0.684375 0.29765625 0.0296875 0.0296875
1 0.88515625 0.72421875 0.03515625 0.03125
1 0.78359375 0.528125 0.03046875 0.03046875