1 0.8100983796296296 0.5726331018518518 0.04375 0.04468750000000003
1 0.7111400462962963 0.3633101851851852 0.04050925925925917 0.04137731481481488
1 0.7205150462962963 0.5532928240740741 0.042129629629629586 0.04303240740740755
1 0.6564525462962963 0.4442592592592593 0.04050925925925917 0.04137731481481488
1 0.7262731481481481 0.47723958333333333 0.04212962962962976 0.043032407407407366
0 0.9436342592592594 0.536892361111111 0.0453125 0.044780092592592524
1 0.7186921296296296 0.41988425925925926 0.04050925925925917 0.04137731481481488
1 0.8192418981481481 0.23017939814814814 0.046875 0.04487268518518519
1 0.7490162037037036 0.5230208333333334 0.04050925925925917 0.04137731481481488
1 0.6998842592592592 0.24883101851851852 0.0453125 0.044780092592592614
1 0.897511574074074 0.5333796296296296 0.046932870370370236 0.04643518518518519
1 0.7939814814814815 0.5373784722222222 0.04212962962962976 0.043032407407407366
1 0.7692418981481481 0.5850231481481482 0.04375 0.04468750000000003
1 0.6402199074074074 0.49006944444444445 0.03888888888888893 0.039722222222222214
1 0.6027777777777777 0.36312500000000003 0.0453125 0.044780092592592614
1 0.7287037037037036 0.1850578703703704 0.048553240740740834 0.048090277777777767