1 0.06234375000000001 0.6075810185185185 0.03989583333333333 0.038715277777777855
1 0.07145833333333333 0.6357349537037036 0.03979166666666667 0.037152777777777854
1 0.15635416666666666 0.6577256944444445 0.04135416666666667 0.03726851851851851
1 0.04291666666666667 0.628125 0.03989583333333333 0.038715277777777855
1 0.09244791666666667 0.615306712962963 0.03979166666666667 0.037152777777777854
1 0.08255208333333333 0.5870949074074074 0.03666666666666667 0.03692129629629619
1 0.10010416666666666 0.6417824074074074 0.04145833333333333 0.038831018518518515
1 0.12770833333333334 0.6516782407407408 0.038125000000000006 0.03547453703703703
1 0.13598958333333333 0.5745659722222223 0.04145833333333333 0.038831018518518515
1 0.14203125 0.6017071759259259 0.03979166666666663 0.037152777777777854
1 0.12760416666666669 0.5472511574074075 0.03979166666666667 0.037152777777777854
1 0.10515624999999999 0.5660011574074074 0.03989583333333333 0.038715277777777855
0 0.25942708333333336 0.6779224537037037 0.04156250000000004 0.04039351851851851
1 0.11354166666666668 0.5933159722222221 0.03968750000000001 0.03559027777777786
1 0.15026041666666667 0.6313657407407407 0.03989583333333333 0.038715277777777855
1 0.11942708333333334 0.622800925925926 0.03989583333333333 0.038715277777777855