1 0.4176736111111111 0.658894675925926 0.036701388888888783 0.03543981481481495
1 0.20241319444444442 0.7064583333333333 0.03989583333333328 0.03865740740740744
1 0.5493923611111111 0.3250752314814815 0.03517361111111121 0.03695601851851853
1 0.2773611111111111 0.7110243055555555 0.036701388888888964 0.03543981481481477
1 0.5130034722222222 0.37950231481481483 0.03357638888888879 0.03534722222222229
1 0.19506944444444446 0.5444155092592593 0.03826388888888892 0.03548611111111111
1 0.15131944444444442 0.3672222222222222 0.036701388888888874 0.03543981481481477
1 0.1176736111111111 0.5092881944444445 0.038263888888888875 0.03548611111111111
0 0.24161458333333333 0.49028935185185185 0.036701388888888874 0.03543981481481477
1 0.24302083333333338 0.42700810185185184 0.035104166666666714 0.03383101851851844
1 0.42788194444444444 0.6216724537037036 0.03513888888888879 0.035393518518518616
1 0.1448611111111111 0.48195023148148153 0.038298611111111124 0.03704861111111111
1 0.06482638888888889 0.671111111111111 0.041423611111111105 0.03714120370370359
1 0.11359375000000001 0.41144675925925933 0.036701388888888874 0.03543981481481495
1 0.3246875 0.3754861111111111 0.03513888888888896 0.03539351851851853