1 0.5630497685185185 0.6638194444444444 0.03252314814814809 0.03530092592592595
1 0.5203125 0.6167013888888888 0.034085648148148094 0.03534722222222229
1 0.19707754629629629 0.641886574074074 0.03559027777777777 0.03383101851851862
1 0.725462962962963 0.6192071759259259 0.034085648148148094 0.03534722222222229
1 0.19730902777777776 0.3827893518518518 0.034085648148148184 0.03534722222222229
0 0.8961516203703704 0.6250752314814815 0.04201388888888893 0.038703703703703594
1 0.69453125 0.44297453703703704 0.03402777777777786 0.033784722222222285
1 0.5867766203703704 0.2971122685185185 0.03570601851851851 0.03695601851851853
1 0.8321759259259259 0.45606481481481487 0.038831018518518334 0.03704861111111111
1 0.34282407407407406 0.562650462962963 0.03402777777777786 0.033784722222222285
1 0.3411747685185185 0.43861689814814814 0.035648148148148096 0.03539351851851844
1 0.4766782407407407 0.6359432870370371 0.034085648148148094 0.03534722222222229
1 0.3013310185185185 0.39765625 0.03240740740740744 0.032175925925925955
1 0.47907986111111106 0.5921701388888889 0.03246527777777786 0.03373842592592595
1 0.1072337962962963 0.5813368055555556 0.03877314814814814 0.03548611111111111
1 0.15807291666666665 0.5361284722222223 0.03715277777777777 0.03387731481481495