1 0.5775752314814815 0.6205844907407407 0.035393518518518616 0.034629629629629476
1 0.5958622685185185 0.530625 0.03383101851851862 0.03461805555555557
1 0.5960763888888889 0.497037037037037 0.03534722222222229 0.033067129629629474
1 0.5159722222222223 0.5116898148148148 0.033784722222222285 0.033055555555555574
1 0.625625 0.5015046296296296 0.033784722222222285 0.033055555555555574
1 0.5480613425925925 0.5622222222222222 0.033784722222222285 0.033055555555555574
1 0.5473148148148148 0.6137789351851852 0.032222222222222284 0.03304398148148149
1 0.5700925925925926 0.4777025462962963 0.033784722222222285 0.033055555555555574
1 0.5655787037037037 0.5246006944444443 0.035393518518518616 0.034629629629629476
1 0.5759085648148148 0.5713888888888888 0.03543981481481477 0.03619212962962948
1 0.5922511574074074 0.4416087962962963 0.03534722222222229 0.033067129629629655
1 0.6684259259259259 0.42776620370370366 0.03695601851851862 0.034641203703703737
0 0.5469386574074073 0.4419444444444444 0.03534722222222229 0.033067129629629655
1 0.5849826388888889 0.6869212962962963 0.03704861111111111 0.03776620370370374
1 0.5794849537037037 0.39796296296296296 0.035393518518518616 0.034629629629629656
1 0.6717881944444445 0.39337384259259256 0.03700231481481477 0.03620370370370374