1 0.2207638888888889 0.4963831018518519 0.04079861111111107 0.04137731481481488
1 0.13043402777777777 0.46674768518518517 0.040729166666666664 0.03981481481481488
1 0.14439236111111112 0.5051736111111111 0.04399305555555557 0.04312499999999986
1 0.021380208333333334 0.450017361111111 0.04276041666666667 0.044780092592592524
1 0.5981597222222221 0.5351967592592592 0.04236111111111107 0.041469907407407545
0 0.7772395833333333 0.7533854166666667 0.04725694444444439 0.04643518518518519
1 0.3435243055555556 0.3603125 0.03916666666666666 0.039722222222222214
1 0.04157986111111111 0.49203125 0.04392361111111111 0.041562499999999857
1 0.45062499999999994 0.6118344907407407 0.04243055555555557 0.043032407407407366
1 0.5186458333333334 0.5265682870370371 0.03923611111111107 0.041284722222222216
1 0.6737673611111111 0.43784722222222217 0.040868055555555574 0.04293981481481488
1 0.03916666666666667 0.3877083333333333 0.04562499999999999 0.044780092592592705
1 0.6583159722222222 0.46826388888888887 0.04079861111111107 0.04137731481481488
1 0.5080034722222223 0.6074016203703704 0.03916666666666657 0.039722222222222214
1 0.5986631944444445 0.5767418981481482 0.04079861111111107 0.04137731481481488
1 0.5473263888888888 0.5157349537037037 0.04243055555555557 0.043032407407407366