1 0.5383217592592592 0.7439293981481482 0.037094907407407264 0.04119212962962955
1 0.6605902777777778 0.448582175925926 0.03861111111111111 0.039722222222222214
0 0.541087962962963 0.5740798611111111 0.03861111111111111 0.039722222222222214
1 0.6794502314814814 0.42708333333333337 0.03700231481481477 0.03806712962962955
1 0.7121643518518519 0.3993865740740741 0.03700231481481477 0.03806712962962964
1 0.8313136574074074 0.23565393518518518 0.04499999999999993 0.044780092592592614
1 0.8107581018518519 0.38417245370370373 0.041736111111111286 0.03990740740740737
1 0.8960763888888887 0.4999710648148148 0.041736111111111286 0.03990740740740737
1 0.73921875 0.33859953703703705 0.040173611111111104 0.03981481481481488
1 0.819386574074074 0.3332118055555556 0.04012731481481495 0.038252314814814795
1 0.9423611111111111 0.6407523148148149 0.041782407407407615 0.04146990740740737
1 0.9213310185185186 0.6153298611111111 0.041736111111111286 0.039907407407407544
1 0.8453703703703702 0.3152546296296296 0.04168981481481495 0.03834490740740737
1 0.9902256944444445 0.6316319444444444 0.019548611111110857 0.042754629629629545
1 0.9761168981481483 0.6482118055555556 0.04334490740740762 0.04156250000000004