1 0.2779513888888889 0.6210069444444445 0.02988425925925924 0.030729166666666786
1 0.3507523148148148 0.50234375 0.03144675925925924 0.030787037037037022
0 0.13951388888888888 0.5524594907407407 0.03457175925925924 0.030902777777777855
1 0.08302662037037037 0.5675925925925925 0.03457175925925926 0.030902777777777855
1 0.18662037037037038 0.5502893518518519 0.03300925925925924 0.030844907407407262
1 0.31982638888888887 0.7071180555555555 0.0315393518518519 0.032349537037037024
1 0.4613310185185185 0.38038194444444445 0.0315393518518519 0.032349537037037024
1 0.42282407407407413 0.6866608796296296 0.02988425925925924 0.030729166666666786
1 0.28814814814814815 0.422511574074074 0.02979166666666675 0.029166666666666785
1 0.31775462962962964 0.5042534722222223 0.02979166666666666 0.029166666666666608
1 0.3339872685185185 0.48136574074074073 0.02988425925925924 0.030729166666666606
1 0.06333912037037037 0.71484375 0.03457175925925926 0.030902777777777855
1 0.03619212962962963 0.4726851851851851 0.03613425925925926 0.030960648148148095
1 0.0691550925925926 0.3392361111111111 0.03622685185185186 0.03252314814814818
1 0.36455439814814816 0.6790219907407408 0.02979166666666666 0.029166666666666608
1 0.21383101851851852 0.6460358796296296 0.033194444444444485 0.03396990740740726