1 0.416875 0.6930439814814815 0.034652777777777824 0.03775462962962965
1 0.5755613425925926 0.4934201388888889 0.03619212962962966 0.034641203703703737
1 0.7100173611111111 0.6088368055555555 0.034629629629629656 0.034629629629629656
1 0.8616087962962963 0.6116203703703704 0.03932870370370374 0.036226851851851906
1 0.47485532407407405 0.5043229166666666 0.03776620370370374 0.036215277777777645
1 0.6236458333333333 0.4454050925925926 0.03619212962962966 0.034641203703703737
1 0.620636574074074 0.3555787037037037 0.03619212962962966 0.034641203703703737
1 0.7624305555555555 0.406875 0.03776620370370374 0.03621527777777782
1 0.5564351851851852 0.33730324074074075 0.034641203703703737 0.03619212962962966
0 0.46608217592592593 0.5856423611111111 0.03620370370370374 0.03620370370370374
1 0.5058854166666666 0.47440393518518514 0.033067129629629655 0.03461805555555557
1 0.43633101851851847 0.47179398148148144 0.03776620370370374 0.036215277777777645
1 0.5846990740740741 0.4613194444444444 0.03619212962962966 0.034641203703703737
1 0.46257523148148144 0.5341030092592594 0.037777777777777646 0.037777777777777646