1 0.49774305555555554 0.5718229166666667 0.035648148148148096 0.03590277777777793
1 0.47054398148148147 0.5135590277777778 0.03726851851851851 0.037534722222222074
1 0.48423032407407407 0.5450347222222222 0.037384259259259166 0.04065972222222207
1 0.4614872685185185 0.5648263888888889 0.03732638888888893 0.03909722222222225
1 0.4493923611111111 0.5974479166666666 0.03570601851851869 0.03746527777777775
1 0.4296875 0.5513715277777778 0.03570601851851851 0.03746527777777775
1 0.4468460648148148 0.5286979166666667 0.03726851851851851 0.03753472222222225
1 0.43035300925925934 0.5059548611111111 0.03559027777777786 0.03434027777777793
1 0.4844328703703704 0.4871180555555556 0.035648148148148096 0.03590277777777793
1 0.4416377314814815 0.45145833333333335 0.035648148148148096 0.03590277777777775
1 0.41151620370370373 0.4410590277777778 0.035648148148148096 0.03590277777777775
1 0.4695601851851851 0.4447395833333333 0.034085648148148094 0.035833333333333425
0 0.4221064814814815 0.5790972222222222 0.035648148148148096 0.03590277777777775
1 0.426099537037037 0.47562499999999996 0.03559027777777786 0.03434027777777793
1 0.410792824074074 0.4003993055555556 0.034085648148148094 0.035833333333333425