1 0.6849247685185185 0.43642361111111116 0.03807870370370363 0.04072916666666657
1 0.6751504629629629 0.46175347222222224 0.03964120370370381 0.04079861111111107
0 0.37245370370370373 0.37178819444444444 0.03805555555555555 0.03916666666666675
1 0.25721064814814815 0.28703124999999996 0.04120370370370372 0.040868055555555574
1 0.17248842592592592 0.3652430555555556 0.04276620370370372 0.04093749999999998
1 0.13789930555555557 0.4019618055555556 0.044351851851851885 0.04256944444444457
1 0.09689814814814815 0.42746527777777776 0.042743055555555555 0.03937500000000007
1 0.17287615740740742 0.5495138888888889 0.041180555555555554 0.03930555555555557
1 0.09640046296296297 0.3938715277777778 0.04432870370370372 0.041006944444444395
1 0.2607638888888889 0.5268750000000001 0.03803240740740739 0.03760416666666657
1 0.20934027777777775 0.5339583333333333 0.04120370370370363 0.040868055555555574
1 0.029739583333333337 0.5845312500000001 0.042812499999999996 0.044062500000000074
1 0.1545949074074074 0.6330208333333334 0.04281250000000001 0.044062500000000074
1 0.306412037037037 0.6569444444444444 0.03807870370370372 0.04072916666666657
1 0.47843750000000007 0.6747395833333334 0.03807870370370381 0.04072916666666657
1 0.0871585648148148 0.45513888888888887 0.04276620370370372 0.04093750000000007