1 0.6228472222222223 0.8052083333333334 0.04092592592592581 0.043333333333333356
1 0.9484837962962963 0.5965624999999999 0.04562500000000007 0.04520833333333343
1 0.8341319444444444 0.7607291666666667 0.044039351851851906 0.04197916666666668
1 0.804230324074074 0.72984375 0.042476851851851904 0.041874999999999926
1 0.9067013888888888 0.6484375 0.042476851851851904 0.041874999999999926
1 0.5917476851851852 0.7180208333333333 0.0409143518518519 0.041770833333333354
1 0.8266030092592592 0.7984895833333333 0.042476851851851904 0.041874999999999926
1 0.2944907407407407 0.43583333333333335 0.0393518518518519 0.04166666666666661
1 0.8688773148148148 0.49677083333333333 0.039340277777778 0.04010416666666661
1 0.3642939814814815 0.4771875 0.03777777777777782 0.039999999999999855
1 0.7943807870370371 0.5597395833333334 0.03934027777777764 0.04010416666666679
1 0.9212094907407409 0.4986979166666667 0.04406249999999971 0.04510416666666668
0 0.20958912037037036 0.35911458333333335 0.045624999999999985 0.045208333333333336
1 0.2265219907407407 0.32588541666666665 0.04092592592592599 0.043333333333333356