1 0.38515625 0.3421875 0.0296875 0.03046875
1 0.5125 0.4 0.028125 0.02890625
1 0.575 0.29765625 0.028125 0.0296875
1 0.603125 0.3109375 0.028125 0.03046875
1 0.4703125 0.3578125 0.028125 0.0296875
1 0.06484375 0.69375 0.0375 0.03359375
1 0.1953125 0.603125 0.03125 0.0296875
0 0.7578125 0.56640625 0.028125 0.028125
1 0.88515625 0.5921875 0.03359375 0.0296875
1 0.77109375 0.47734375 0.03203125 0.02890625
1 0.0578125 0.5 0.03515625 0.0296875
1 0.31640625 0.3375 0.02890625 0.02890625
1 0.69453125 0.5875 0.02265625 0.02890625