1 0.6953125 0.41015625 0.0296875 0.02890625
1 0.36640625 0.328125 0.03046875 0.03046875
1 0.3671875 0.36328125 0.02890625 0.0296875
1 0.46875 0.53046875 0.028125 0.02890625
1 0.4375 0.61875 0.0296875 0.03046875
1 0.384375 0.5734375 0.02734375 0.0265625
1 0.55625 0.5359375 0.02734375 0.02734375
1 0.4640625 0.47734375 0.028125 0.02890625
1 0.503125 0.57578125 0.0265625 0.02734375
1 0.57890625 0.58671875 0.028125 0.02890625
1 0.3859375 0.45 0.03046875 0.03046875
1 0.69453125 0.56484375 0.0296875 0.02890625
1 0.43984375 0.50703125 0.02890625 0.028125
1 0.425 0.4296875 0.03046875 0.03125
1 0.2890625 0.465625 0.03125 0.0296875
0 0.221875 0.63046875 0.03203125 0.02890625