1 0.684375 0.3734375 0.0296875 0.03046875
0 0.7828125 0.71171875 0.03125 0.03046875
1 0.4125 0.40078125 0.0296875 0.03046875
1 0.3671875 0.59453125 0.02890625 0.02890625
1 0.38203125 0.4671875 0.028125 0.028125
1 0.4859375 0.60859375 0.02734375 0.02890625
1 0.53125 0.61015625 0.028125 0.03046875
1 0.60859375 0.63671875 0.028125 0.028125
1 0.290625 0.61484375 0.03046875 0.03046875
1 0.4640625 0.3890625 0.028125 0.02890625
1 0.52109375 0.2828125 0.028125 0.03046875
1 0.9484375 0.56796875 0.034375 0.03046875
1 0.578125 0.6046875 0.028125 0.03046875
1 0.59453125 0.41875 0.0265625 0.0265625
1 0.896875 0.69609375 0.03359375 0.03125
1 0.615625 0.5421875 0.02734375 0.02421875