1 0.4375 0.6921875 0.02734375 0.03046875
1 0.475 0.6375 0.028125 0.03046875
1 0.796875 0.6078125 0.03125 0.02890625
1 0.27265625 0.675 0.02890625 0.03046875
1 0.7703125 0.35 0.02890625 0.03046875
0 0.1046875 0.709375 0.03671875 0.0328125
1 0.28515625 0.49375 0.02890625 0.02890625
1 0.3765625 0.33046875 0.03046875 0.03203125
1 0.15078125 0.53046875 0.03359375 0.03203125
1 0.64453125 0.55390625 0.02890625 0.02890625
1 0.63359375 0.4296875 0.03046875 0.0296875
1 0.5203125 0.64921875 0.02890625 0.03125
1 0.66875 0.38203125 0.02734375 0.028125
1 0.51328125 0.60625 0.028125 0.02890625
1 0.8796875 0.5328125 0.03359375 0.0296875
1 0.82421875 0.49609375 0.0328125 0.02890625