1 0.09456597222222221 0.4395833333333334 0.03953703703703704 0.03687499999999986
1 0.2064814814814815 0.2975 0.03797453703703706 0.03677083333333329
1 0.12753472222222223 0.39536458333333335 0.041192129629629634 0.038541666666666696
1 0.053159722222222226 0.44234375000000004 0.04256944444444444 0.035520833333333356
1 0.632818287037037 0.3647916666666667 0.033194444444444395 0.034895833333333307
1 0.05590277777777779 0.47484374999999995 0.03788194444444444 0.035208333333333286
1 0.6414699074074074 0.3369791666666667 0.03475694444444457 0.03499999999999996
1 0.13940393518518518 0.5758854166666667 0.03788194444444444 0.035208333333333286
1 0.047893518518518516 0.5049479166666667 0.04266203703703704 0.03708333333333336
1 0.2238888888888889 0.5290104166666667 0.034664351851851814 0.03343749999999997
1 0.17346643518518517 0.5526041666666666 0.03631944444444444 0.035104166666666714
1 0.23072337962962966 0.558125 0.036226851851851906 0.03354166666666671
0 0.2564409722222222 0.596875 0.034756944444444396 0.03499999999999996
1 0.415474537037037 0.6314062500000001 0.03641203703703706 0.036666666666666715
1 0.27902777777777776 0.6490625 0.034756944444444396 0.03500000000000014