1 0.7396469907407408 0.6648900462962963 0.031481481481481485 0.031481481481481485
1 0.7561458333333333 0.4415625 0.02833333333333332 0.02833333333333332
1 0.6681770833333334 0.6096701388888889 0.029907407407407403 0.029907407407407403
1 0.665167824074074 0.4885474537037037 0.02833333333333332 0.02833333333333332
1 0.7123958333333333 0.5467129629629629 0.031469907407407405 0.029918981481481487
0 0.8793055555555556 0.6909259259259259 0.03459490740740741 0.029942129629629655
1 0.7346643518518519 0.49375 0.029895833333333323 0.028344907407407405
1 0.9222916666666666 0.37247685185185186 0.03459490740740741 0.029942129629629655
1 0.7096875 0.5959143518518519 0.029895833333333323 0.028344907407407405
1 0.8045717592592592 0.3380092592592593 0.03304398148148167 0.03149305555555557
1 0.8388483796296295 0.66796875 0.03460648148148167 0.03150462962962965
1 0.7430497685185184 0.6274131944444444 0.031469907407407405 0.029918981481481487
1 0.695943287037037 0.6583159722222222 0.031481481481481485 0.03148148148148131
1 0.6274247685185185 0.5210821759259259 0.028321759259259238 0.02677083333333332
1 0.6580439814814815 0.3955208333333333 0.03460648148148149 0.03150462962962965
1 0.8627025462962964 0.29546875 0.03461805555555557 0.033067129629629655