0 0.6678645833333333 0.45810763888888884 0.041006944444444395 0.03981481481481488
1 0.5662094907407408 0.5560358796296295 0.03780092592592581 0.03806712962962955
1 0.7853356481481482 0.4456944444444444 0.041006944444444395 0.03981481481481488
1 0.6532581018518518 0.4994733796296297 0.03780092592592581 0.03806712962962955
1 0.6121122685185185 0.5720081018518519 0.039444444444444574 0.039722222222222214
1 0.43076388888888884 0.6146874999999999 0.04108796296296298 0.04137731481481488
1 0.33310763888888884 0.620474537037037 0.03944444444444439 0.039722222222222214
1 0.6494965277777778 0.6321006944444445 0.04100694444444457 0.03981481481481488
1 0.7448958333333333 0.47457175925925926 0.04100694444444457 0.03981481481481488
1 0.38124421296296296 0.4431597222222222 0.0361574074074074 0.03641203703703706
1 0.47151041666666665 0.5047916666666666 0.0361574074074074 0.03641203703703706
1 0.27060763888888884 0.6241782407407407 0.03952546296296298 0.041284722222222216
1 0.6561168981481481 0.579525462962963 0.03944444444444439 0.039722222222222214
1 0.4846180555555556 0.7026215277777779 0.039444444444444574 0.039722222222222214
1 0.6229513888888889 0.49815393518518525 0.0377199074074074 0.03650462962962955
1 0.6269039351851852 0.45196759259259256 0.03780092592592599 0.03806712962962955