0 0.7107291666666666 0.5359953703703704 0.04156250000000004 0.03778935185185191
1 0.6827604166666668 0.5568923611111111 0.03989583333333328 0.03621527777777782
1 0.9011979166666666 0.44595486111111116 0.04468749999999986 0.03781250000000007
1 0.6736458333333333 0.4473958333333334 0.040000000000000036 0.037777777777777646
1 0.7733333333333333 0.6638657407407408 0.043020833333333286 0.03623842592592581
1 0.7310416666666667 0.5830439814814815 0.03833333333333329 0.03620370370370374
1 0.7094270833333333 0.6141493055555556 0.03979166666666671 0.034652777777777824
1 0.7736979166666667 0.5997743055555556 0.04312500000000004 0.03780092592592599
1 0.6828645833333333 0.6374016203703704 0.03989583333333328 0.03621527777777782
1 0.6085416666666668 0.48599537037037044 0.039999999999999855 0.037777777777777646
1 0.7016666666666667 0.578136574074074 0.03989583333333328 0.03621527777777782
1 0.7488541666666666 0.5503472222222222 0.041562499999999857 0.03778935185185191
1 0.7376041666666666 0.7073726851851851 0.04156250000000004 0.03778935185185191
1 0.6974479166666667 0.4772743055555555 0.03989583333333328 0.036215277777777645
1 0.8380729166666667 0.5369386574074074 0.044791666666666785 0.03937500000000007
1 0.49375 0.7188541666666667 0.041770833333333354 0.0409143518518519