1 0.757986111111111 0.2226851851851852 0.06628472222222222 0.10332175925925924
1 0.5023784722222222 0.2734201388888889 0.06145833333333321 0.09682870370370367
1 0.7054166666666667 0.31516203703703705 0.06298611111111115 0.09534722222222225
1 0.7811631944444445 0.35264467592592597 0.06461805555555564 0.09855324074074075
1 0.6954513888888888 0.4285763888888889 0.06479166666666672 0.10636574074074083
1 0.6769791666666667 0.4752199074074074 0.061527777777777716 0.09995370370370367
1 0.7440625 0.47401620370370373 0.06781249999999997 0.10184027777777782
1 0.7179166666666668 0.5265046296296296 0.06638888888888879 0.10800925925925924
1 0.812673611111111 0.5064467592592592 0.06461805555555564 0.09855324074074083
1 0.7637847222222222 0.5538541666666668 0.06638888888888879 0.10800925925925924
1 0.8174652777777778 0.5816087962962964 0.07131944444444435 0.1191898148148148
1 0.7438020833333333 0.6027604166666667 0.06965277777777779 0.11442129629629641
1 0.7113020833333333 0.6502372685185185 0.06659722222222228 0.11738425925925924
1 0.8652604166666666 0.8010243055555556 0.07440972222222228 0.11778935185185198
1 0.9500694444444445 0.8600462962962963 0.07437499999999986 0.11622685185185197
0 0.6611631944444445 0.6062789351851852 0.06631944444444446 0.10488425925925923