0 0.1103587962962963 0.35718171296296297 0.12620370370370373 0.0831018518518519
1 0.36208912037037033 0.29683449074074075 0.09940972222222219 0.06708333333333334
1 0.4694733796296296 0.32733796296296297 0.10561342592592596 0.06405092592592591
1 0.28531249999999997 0.36289930555555555 0.11675925925925927 0.07827546296296299
1 0.5584780092592593 0.3325636574074074 0.10258101851851845 0.07025462962962958
1 0.26338541666666665 0.4188368055555555 0.1134722222222222 0.06729166666666675
1 0.3637094907407407 0.398443287037037 0.09458333333333328 0.05763888888888893
1 0.47109953703703705 0.3758101851851852 0.10561342592592596 0.06405092592592591
1 0.31147569444444445 0.44299189814814816 0.10106481481481477 0.07335648148148159
1 0.4252430555555556 0.41185763888888893 0.10883101851851844 0.07034722222222226
1 0.398755787037037 0.45913194444444444 0.10251157407407412 0.06556712962962959
1 0.5835474537037036 0.43373842592592593 0.10719907407407411 0.06563657407407408
1 0.6822743055555556 0.4156655092592592 0.09777777777777778 0.06237268518518526
1 0.33207175925925925 0.8988657407407408 0.11050925925925928 0.07818287037037024