0 0.2678125 0.7709780092592593 0.11638888888888888 0.05584490740740744
1 0.7618229166666667 0.29539930555555555 0.11013888888888897 0.055613425925925955
1 0.7732523148148148 0.48648726851851853 0.1258333333333333 0.06087962962962958
1 0.6935069444444444 0.5910590277777777 0.11009259259259263 0.05248842592592595
1 0.5753125000000001 0.6329571759259259 0.09136574074074062 0.05335648148148149
1 0.6730034722222222 0.6316840277777778 0.09913194444444447 0.05052083333333339
1 0.6148611111111111 0.6643229166666667 0.08674768518518512 0.05787037037037024
1 0.5299942129629629 0.6870081018518518 0.10866898148148145 0.06180555555555554
1 0.6566608796296297 0.6893518518518518 0.10395833333333329 0.06006944444444447
1 0.6241550925925926 0.7640335648148148 0.10391203703703696 0.056944444444444464
1 0.4496412037037037 0.8033275462962962 0.10395833333333329 0.06006944444444429