0 0.60609375 0.5724479166666667 0.11989583333333335 0.07177083333333342
1 0.2377604166666667 0.3297395833333333 0.10197916666666665 0.059687499999999984
1 0.5390104166666667 0.6134895833333334 0.11010416666666671 0.06489583333333329
1 0.3733854166666667 0.6259895833333333 0.11322916666666663 0.0651041666666666
1 0.4931770833333333 0.6653645833333334 0.11364583333333336 0.07135416666666679
1 0.6004166666666666 0.7164583333333333 0.11864583333333342 0.0763541666666665
1 0.3126041666666667 0.6548958333333333 0.10395833333333329 0.06604166666666664
1 0.49718750000000006 0.7229166666666667 0.10552083333333329 0.06614583333333321
1 0.34630208333333334 0.70265625 0.09145833333333328 0.06520833333333335
1 0.4219791666666667 0.7328125 0.11010416666666671 0.06489583333333329
1 0.28765625 0.7230729166666666 0.12020833333333333 0.07645833333333343
1 0.43427083333333333 0.795625 0.10749999999999993 0.07249999999999997