0 0.5014756944444445 0.4146006944444444 0.04866898148148149 0.09163194444444453
1 0.7435763888888889 0.7389930555555555 0.048553240740740834 0.08850694444444436
1 0.7208622685185185 0.44449652777777776 0.043634259259259164 0.08215277777777778
1 0.6747974537037037 0.33713541666666663 0.04600694444444446 0.10406250000000003
1 0.6619791666666666 0.5354513888888889 0.04571759259259274 0.09624999999999986
1 0.631568287037037 0.61765625 0.04432870370370381 0.10090277777777779
1 0.6313078703703704 0.3080208333333333 0.04901620370370381 0.10100694444444444
1 0.6247685185185186 0.40013888888888893 0.052777777777777854 0.11826388888888886
1 0.6090277777777777 0.5295833333333333 0.046354166666666606 0.11343750000000004
1 0.5927662037037036 0.3564236111111111 0.05526620370370381 0.10114583333333335
1 0.5944444444444444 0.45888888888888885 0.04884259259259256 0.09631944444444436
1 0.5730613425925926 0.19178819444444445 0.055092592592592735 0.09645833333333335
1 0.554050925925926 0.43062500000000004 0.0453125 0.08531249999999986
1 0.5416666666666666 0.596111111111111 0.048553240740740834 0.08850694444444436
1 0.53984375 0.7086631944444444 0.042303240740740836 0.08836805555555553
1 0.47858796296296297 0.7792361111111111 0.05214120370370381 0.10107638888888885