0 0.3779166666666667 0.5598206018518519 0.09822916666666667 0.06667824074074069
1 0.28835069444444444 0.5067939814814815 0.09822916666666667 0.06667824074074069
1 0.4927256944444444 0.532986111111111 0.09809027777777786 0.06042824074074069
1 0.5713194444444445 0.4813194444444445 0.10927083333333325 0.072013888888889
1 0.24234375 0.3241435185185185 0.08875000000000002 0.061435185185185225
1 0.24901041666666668 0.20015624999999998 0.08871527777777777 0.05987268518518522
1 0.3076388888888889 0.20206597222222222 0.09194444444444443 0.06474537037037038
1 0.4178125 0.24301504629629628 0.09506944444444443 0.06493055555555553
1 0.4890451388888889 0.24097800925925927 0.10291666666666668 0.06695601851851851
1 0.6129687500000001 0.2616203703703704 0.10138888888888893 0.06842592592592593
1 0.6244618055555555 0.3076736111111111 0.09815972222222218 0.06355324074074069
1 0.7301041666666667 0.2709085648148148 0.1014930555555555 0.07311342592592593