0 0.2975578703703704 0.4307002314814815 0.05543981481481479 0.10237268518518512
1 0.24251157407407406 0.6908622685185185 0.049097222222222216 0.08978009259259263
1 0.3018113425925926 0.7001388888888889 0.050717592592592634 0.09761574074074061
1 0.36900462962962965 0.3819907407407407 0.05079861111111104 0.1085532407407408
1 0.38089699074074074 0.46383680555555556 0.042928240740740795 0.10062499999999996
1 0.42383680555555553 0.6780208333333333 0.04599537037037038 0.0928587962962963
1 0.4289525462962963 0.409224537037037 0.044467592592592455 0.09752314814814814
1 0.48253472222222216 0.6630902777777777 0.05219907407407405 0.08670138888888879
1 0.5063657407407407 0.6096180555555556 0.04915509259259263 0.09759259259259263
1 0.49785879629629626 0.17619791666666668 0.04915509259259263 0.09759259259259259
1 0.5213252314814815 0.06648726851851852 0.0461342592592592 0.1116087962962963
1 0.7618113425925926 0.29258680555555555 0.055451388888888786 0.10393518518518521
1 0.782523148148148 0.5547511574074073 0.04280092592592588 0.08343750000000014
1 0.8527314814814815 0.251400462962963 0.06165509259259281 0.09777777777777778