0 0.31452546296296297 0.19117476851851853 0.07420138888888887 0.10856481481481484
1 0.45923611111111107 0.4369212962962963 0.06805555555555554 0.1221643518518519
1 0.4758217592592592 0.2515335648148148 0.06812499999999985 0.1315393518518519
1 0.3782465277777778 0.5714699074074074 0.06331018518518512 0.11400462962962976
1 0.40067708333333335 0.4372685185185185 0.0712037037037037 0.1255208333333334
1 0.39905671296296297 0.3239293981481482 0.06797453703703704 0.11122685185185191
1 0.328443287037037 0.5943287037037037 0.06638888888888887 0.10798611111111107
1 0.3474131944444444 0.4145833333333334 0.07270833333333329 0.11782407407407405
1 0.29928819444444443 0.55859375 0.06315972222222221 0.09369212962962958
1 0.3048958333333333 0.472337962962963 0.06795138888888888 0.10810185185185191
1 0.25351851851851853 0.598929398148148 0.061689814814814795 0.10607638888888893
1 0.25925925925925924 0.4252314814814815 0.06954861111111113 0.11290509259259256