0 0.6666319444444444 0.42480902777777774 0.0679282407407408 0.10746527777777785
1 0.23315393518518518 0.4678993055555556 0.07032407407407408 0.09354166666666668
1 0.2676793981481482 0.4873611111111112 0.0671180555555555 0.09184027777777785
1 0.24929976851851848 0.5387673611111111 0.0639930555555555 0.09170138888888886
1 0.3067303240740741 0.50390625 0.0639930555555555 0.09170138888888886
1 0.2890914351851852 0.5545659722222223 0.0671180555555555 0.09184027777777785
1 0.34782986111111114 0.5298958333333333 0.0639930555555556 0.09170138888888886
1 0.39081597222222225 0.5622048611111111 0.06728009259259257 0.09496527777777786
1 0.3714525462962963 0.6096701388888889 0.06916666666666664 0.10128472222222236
1 0.32710648148148147 0.5811979166666668 0.06728009259259267 0.09496527777777786
1 0.27189814814814817 0.6138194444444445 0.06539351851851852 0.08864583333333335
1 0.31028935185185186 0.6326736111111112 0.07277777777777779 0.110798611111111
1 0.3533159722222222 0.6657638888888888 0.07409722222222222 0.1061805555555555
1 0.2929340277777778 0.6888020833333334 0.06728009259259257 0.09496527777777786
1 0.33427662037037037 0.7194791666666667 0.07606481481481478 0.1140625
1 0.3161805555555556 0.7763541666666667 0.0741782407407408 0.1077430555555555