0 0.6689236111111111 0.6063194444444445 0.09895833333333322 0.04759259259259245
1 0.5197916666666667 0.5895949074074074 0.08781250000000007 0.04282407407407405
1 0.7976041666666667 0.6197685185185186 0.09895833333333322 0.04759259259259263
1 0.4340625 0.6990798611111111 0.09746527777777772 0.049143518518518545
1 0.6222743055555556 0.6989120370370371 0.09753472222222222 0.050706018518518546
1 0.50734375 0.7136805555555555 0.0941319444444444 0.04443287037037038
1 0.6680555555555555 0.7273668981481481 0.09767361111111121 0.05383101851851855
1 0.7598611111111111 0.7897453703703704 0.09909722222222221 0.05071759259259245
1 0.6315451388888889 0.8020717592592593 0.09895833333333322 0.04759259259259245
1 0.5091493055555556 0.7543055555555556 0.10208333333333339 0.04761574074074062
1 0.44861111111111107 0.8155555555555555 0.09121527777777771 0.049097222222222216