0 0.5551793981481481 0.6996527777777778 0.10862268518518511 0.05467592592592592
1 0.1974826388888889 0.44306712962962963 0.10561342592592596 0.056192129629629585
1 0.24803240740740745 0.6724710648148149 0.11053240740740744 0.059386574074074085
1 0.3236111111111111 0.5971122685185185 0.10549768518518521 0.054629629629629584
1 0.45133101851851853 0.7831770833333334 0.10104166666666678 0.05768518518518526
1 0.5836516203703704 0.6415451388888889 0.09890046296296298 0.049849537037037095
1 0.6285590277777777 0.6788888888888889 0.09733796296296297 0.04982638888888893
1 0.7286747685185185 0.7240740740740741 0.08940972222222214 0.04814814814814809
1 0.7594618055555555 0.7814988425925925 0.09670138888888893 0.06230324074074076
1 0.8001736111111111 0.6463136574074074 0.10358796296296298 0.04991898148148142
1 0.7929976851851852 0.3387326388888889 0.10694444444444447 0.05309027777777775
1 0.7015914351851851 0.2530960648148148 0.11041666666666679 0.05782407407407408