0 0.33746527777777774 0.7802546296296298 0.11989583333333335 0.053321759259259235
1 0.814097222222222 0.6083506944444445 0.113784722222222 0.05947916666666657
1 0.4151736111111111 0.6243229166666666 0.10260416666666661 0.048379629629629585
1 0.6746527777777778 0.6586458333333333 0.10739583333333336 0.053136574074073906
1 0.5389583333333333 0.6808622685185185 0.1026736111111111 0.05150462962962976
1 0.4612152777777778 0.6625173611111111 0.10746527777777785 0.05626157407407408
1 0.35984375 0.6524189814814815 0.10270833333333336 0.05306712962962976
1 0.2504861111111111 0.6500173611111111 0.10302083333333334 0.06712962962962958
1 0.39807291666666667 0.6904976851851852 0.0917361111111111 0.05134259259259259
1 0.7111631944444444 0.738900462962963 0.10753472222222218 0.059386574074074085
1 0.47810763888888885 0.7112210648148147 0.09798611111111111 0.051435185185185264
1 0.3465972222222222 0.7209953703703704 0.09479166666666669 0.048263888888888926
1 0.44039930555555556 0.7552083333333334 0.0949305555555556 0.05451388888888893
1 0.5171006944444445 0.8204282407407406 0.0917361111111111 0.05134259259259259
1 0.7357118055555556 0.8650868055555556 0.10739583333333336 0.053136574074073906