0 0.3637152777777778 0.43883680555555554 0.0668981481481481 0.10288194444444443
1 0.6383680555555555 0.7322395833333333 0.0744212962962962 0.12020833333333343
1 0.44722222222222213 0.7435069444444444 0.06903935185185191 0.11072916666666668
1 0.3487268518518518 0.6832986111111111 0.06631944444444446 0.09506944444444443
1 0.3132523148148148 0.5725520833333333 0.07025462962962958 0.10607638888888893
1 0.3050347222222222 0.6624305555555555 0.06365740740740744 0.10124999999999992
1 0.2582465277777778 0.5254166666666666 0.06811342592592595 0.09822916666666667
1 0.27925347222222224 0.599826388888889 0.07326388888888893 0.10458333333333343
1 0.25112847222222223 0.6636284722222221 0.07326388888888893 0.10458333333333343
1 0.17433449074074073 0.6263368055555556 0.07482638888888889 0.1046180555555555
1 0.22346643518518522 0.27894097222222225 0.07216435185185191 0.11079861111111118