0 0.7518055555555556 0.4925462962962963 0.058645833333333286 0.10864583333333329
1 0.42276041666666664 0.49392361111111105 0.04552083333333332 0.08033564814814831
1 0.3913715277777778 0.464542824074074 0.05038194444444448 0.08821759259259246
1 0.39265625000000004 0.5474016203703703 0.05524305555555546 0.09609953703703696
1 0.35815972222222225 0.5875289351851852 0.04864583333333332 0.08038194444444446
1 0.3589236111111111 0.5179861111111111 0.04711805555555557 0.0819212962962963
1 0.36395833333333333 0.43209490740740736 0.05225694444444447 0.10230324074074079
1 0.3279513888888889 0.3995196759259259 0.06489583333333329 0.10873842592592595
1 0.3294097222222222 0.47456597222222224 0.04888888888888889 0.09131944444444447
1 0.32602430555555556 0.5565740740740741 0.05829861111111114 0.09302083333333329
1 0.32371527777777775 0.6253125 0.055173611111111145 0.09297453703703695
1 0.30005208333333333 0.35377893518518516 0.0520833333333333 0.09449074074074079
1 0.29977430555555556 0.43661458333333336 0.059791666666666646 0.08991898148148145
1 0.29470486111111105 0.5240682870370371 0.053298611111111074 0.07888888888888879
1 0.29473958333333333 0.5928414351851853 0.05524305555555555 0.09609953703703696
1 0.2945833333333333 0.6702083333333333 0.05666666666666664 0.08987268518518512