0 0.5351041666666667 0.5030960648148148 0.10052083333333321 0.06042824074074069
1 0.7580208333333334 0.4770891203703703 0.0939583333333335 0.05537037037037038
1 0.36833333333333335 0.7340046296296296 0.09437499999999996 0.06162037037037038
1 0.3558854166666667 0.861898148148148 0.08291666666666667 0.05315972222222243
1 0.37635416666666666 0.825462962962963 0.09104166666666665 0.05831018518518505
1 0.47869791666666667 0.7256423611111111 0.09749999999999996 0.06180555555555554
1 0.5045833333333334 0.7609027777777777 0.09104166666666665 0.05831018518518505
1 0.6981770833333334 0.8335532407407407 0.10395833333333329 0.06530092592592567
1 0.7393229166666667 0.8634432870370372 0.10562500000000004 0.06695601851851833
1 0.8127083333333334 0.8215162037037038 0.10729166666666679 0.068611111111111
1 0.8197916666666668 0.8564467592592593 0.10062500000000014 0.061990740740740694