0 0.6651215277777778 0.3545891203703704 0.09611111111111122 0.058680555555555534
1 0.8652083333333334 0.36231481481481487 0.10038194444444457 0.049583333333333354
1 0.8563020833333332 0.3205439814814815 0.10236111111111086 0.05905092592592594
1 0.8573958333333334 0.25703125 0.09937499999999985 0.061990740740740694
1 0.7503819444444444 0.2813888888888889 0.11017361111111121 0.059513888888888825
1 0.6547743055555555 0.26277199074074076 0.10548611111111121 0.05923611111111109
1 0.5731423611111112 0.29424189814814816 0.10065972222222222 0.05583333333333336
1 0.5479166666666667 0.3435185185185185 0.09909722222222221 0.05574074074074069
1 0.8002951388888888 0.22359953703703703 0.11152777777777771 0.054918981481481485
1 0.8363368055555556 0.15331597222222224 0.11038194444444435 0.0642013888888889
1 0.8413541666666667 0.10758680555555555 0.10222222222222221 0.055925925925925934