0 0.39274305555555555 0.6476273148148148 0.09938657407407411 0.06989583333333335
1 0.8172685185185184 0.3792881944444445 0.10258101851851861 0.07476851851851851
1 0.7440104166666666 0.5540914351851851 0.11032407407407412 0.07054398148148149
1 0.30267361111111113 0.5849363425925926 0.12452546296296294 0.08075231481481478
1 0.6497858796296296 0.6331770833333333 0.10248842592592596 0.0685185185185185
1 0.612806712962963 0.6705555555555556 0.10880787037037046 0.073576388888889
1 0.47151041666666665 0.6335763888888889 0.09773148148148145 0.06355324074074069
1 0.5457465277777778 0.683130787037037 0.11673611111111111 0.08185185185185198
1 0.4533043981481481 0.67140625 0.11032407407407412 0.07054398148148149
1 0.5806655092592592 0.7178125 0.12287037037037045 0.07440972222222228
1 0.5268113425925925 0.7773032407407408 0.11347222222222228 0.07229166666666664