1 0.7962673611111111 0.2578993055555555 0.05449074074074076 0.09454861111111104
1 0.8018576388888888 0.3190451388888889 0.05118055555555543 0.08190972222222222
1 0.7802141203703703 0.43909722222222225 0.05458333333333343 0.10079861111111121
1 0.5035821759259259 0.527517361111111 0.05138888888888893 0.09597222222222221
1 0.7809375 0.540625 0.05761574074074076 0.09468750000000004
1 0.7445891203703704 0.5639930555555555 0.05292824074074076 0.09447916666666671
1 0.7930555555555555 0.6207986111111111 0.05768518518518526 0.09937499999999985
1 0.7349710648148149 0.6525694444444444 0.054629629629629764 0.10392361111111104
1 0.8052025462962963 0.755625 0.05456018518518526 0.09923611111111122
1 0.7698784722222223 0.7954340277777778 0.054629629629629584 0.10392361111111122
1 0.7712094907407409 0.8852777777777778 0.05954861111111107 0.11975694444444436
1 0.1811053240740741 0.7887847222222222 0.06414351851851849 0.11371527777777786
1 0.5770717592592592 0.5869965277777778 0.05134259259259259 0.09284722222222222
0 0.6888252314814814 0.6997048611111112 0.054629629629629584 0.10392361111111122