0 0.8230555555555554 0.5633333333333332 0.04256944444444457 0.08840277777777779
1 0.8268402777777777 0.38225694444444447 0.042465277777778 0.08371527777777779
1 0.77375 0.3475 0.03916666666666657 0.07583333333333328
1 0.6798263888888889 0.26732638888888893 0.04243055555555557 0.08215277777777778
1 0.6296006944444444 0.2560590277777778 0.03930555555555557 0.08208333333333329
1 0.7078298611111111 0.508454861111111 0.042569444444444396 0.08840277777777779
1 0.7472569444444443 0.5257291666666667 0.04093750000000007 0.08524305555555571
1 0.7329166666666667 0.6886111111111111 0.04440972222222221 0.10093750000000004
1 0.68625 0.8375 0.045763888888888896 0.09159722222222229
1 0.8405381944444444 0.7175520833333333 0.04427083333333322 0.09468750000000004
1 0.8758333333333332 0.7597222222222222 0.04413194444444457 0.08843750000000003
1 0.27125000000000005 0.8915277777777778 0.052291666666666715 0.10423611111111128
1 0.8186458333333334 0.8217013888888889 0.049236111111110856 0.10729166666666642
1 0.8627604166666668 0.8390798611111112 0.047222222222222145 0.08694444444444471