0 0.49072916666666666 0.6428125 0.10135416666666668 0.06934027777777771
1 0.6980208333333333 0.5992013888888889 0.09312500000000004 0.06291666666666665
1 0.6275520833333333 0.59140625 0.09947916666666679 0.06461805555555564
1 0.5527083333333334 0.76625 0.09625000000000003 0.06298611111111115
1 0.6013541666666666 0.8556597222222223 0.09968749999999993 0.06774305555555529
1 0.5322395833333333 0.8509548611111111 0.10281249999999993 0.06781250000000014
1 0.49520833333333336 0.7043402777777779 0.0994791666666666 0.06461805555555564
1 0.42692708333333335 0.8158506944444444 0.09645833333333335 0.06611111111111115
1 0.4002604166666667 0.7009895833333333 0.10604166666666667 0.06944444444444446
1 0.3399479166666667 0.7748784722222222 0.09968750000000001 0.06774305555555564
1 0.3303125 0.720486111111111 0.11239583333333333 0.07114583333333328
1 0.29010416666666666 0.6683333333333333 0.1125 0.07270833333333329
1 0.18755208333333334 0.7790451388888889 0.10614583333333334 0.07100694444444447
1 0.15677083333333336 0.7025 0.11729166666666666 0.07437499999999986
1 0.06270833333333334 0.7092708333333333 0.11104166666666666 0.07423611111111103