0 0.6974479166666667 0.14539930555555555 0.10333333333333332 0.05740740740740739
1 0.8745833333333334 0.11736111111111111 0.10135416666666686 0.051041666666666693
1 0.8658333333333333 0.16276041666666666 0.0984375 0.05393518518518521
1 0.8766145833333333 0.336255787037037 0.09666666666666686 0.050694444444444466
1 0.8775520833333333 0.26788194444444446 0.1046875 0.0543981481481481
1 0.83203125 0.2327835648148148 0.103125 0.05428240740740744
1 0.7695833333333333 0.28530092592592593 0.09645833333333335 0.04756944444444446
1 0.8076041666666667 0.47876157407407405 0.10427083333333335 0.04814814814814809
1 0.6608333333333333 0.2674479166666667 0.09989583333333343 0.05248842592592595
1 0.5992708333333333 0.34502314814814816 0.09520833333333342 0.05214120370370372
1 0.5240104166666667 0.323119212962963 0.09479166666666661 0.04589120370370363
1 0.38046875 0.4075520833333333 0.08083333333333335 0.04641203703703702
1 0.2711458333333333 0.3575520833333333 0.09468750000000004 0.044328703703703634