0 0.65390625 0.19492476851851853 0.10746527777777785 0.06560185185185183
1 0.8272743055555555 0.1633912037037037 0.10555555555555571 0.05774305555555555
1 0.8230729166666666 0.20929976851851856 0.10256944444444435 0.06077546296296301
1 0.8510243055555555 0.38177662037037036 0.10086805555555571 0.05760416666666668
1 0.8448784722222223 0.31371527777777775 0.10888888888888885 0.06252314814814816
1 0.7965451388888889 0.2795138888888889 0.10732638888888886 0.06247685185185183
1 0.7396354166666667 0.3332233796296296 0.10072916666666672 0.054479166666666676
1 0.7965451388888889 0.5252835648148148 0.10861111111111121 0.05627314814814817
1 0.6297048611111111 0.3174826388888889 0.10406250000000003 0.059259259259259255
1 0.57625 0.39626157407407414 0.09937500000000003 0.059120370370370344
1 0.49885416666666665 0.3752430555555556 0.09909722222222221 0.052870370370370345
1 0.36463541666666666 0.46255208333333336 0.08503472222222222 0.052453703703703704
1 0.2509375 0.4147106481481481 0.0974652777777778 0.05126157407407419