0 0.32879050925925923 0.4375 0.042916666666666714 0.0984375
1 0.7666782407407406 0.38515625 0.04905092592592588 0.0828125
1 0.7391435185185186 0.4109375 0.04591435185185198 0.08125
1 0.7724016203703703 0.45625 0.042789351851851974 0.08125
1 0.7061516203703704 0.43515625 0.0427893518518518 0.08125
1 0.7386342592592593 0.4796875 0.045914351851851797 0.08125
1 0.6730902777777777 0.46875 0.0427893518518518 0.08125
1 0.6407581018518519 0.509375 0.045937499999999964 0.084375
1 0.674050925925926 0.55 0.0459837962962963 0.090625
1 0.7086979166666667 0.51328125 0.045937499999999964 0.084375
1 0.7733969907407408 0.5328125 0.04589120370370381 0.078125
1 0.7411689814814815 0.559375 0.0460532407407408 0.1
1 0.7088425925925926 0.59921875 0.04915509259259263 0.096875
1 0.7751793981481482 0.60859375 0.045937500000000145 0.084375
1 0.7436458333333332 0.646875 0.04921296296296305 0.1046875
1 0.778425925925926 0.69765625 0.04916666666666671 0.0984375