1 0.8171180555555555 0.19486689814814814 0.05663194444444457 0.09074074074074075
1 0.68828125 0.20563078703703702 0.058680555555555534 0.11270833333333333
1 0.8193576388888889 0.26044560185185184 0.06163194444444429 0.10508101851851848
1 0.7875868055555555 0.3796701388888889 0.05684027777777771 0.10011574074074084
1 0.7983333333333332 0.4408333333333333 0.06784722222222221 0.10388888888888896
1 0.7910069444444444 0.5687789351851852 0.06329861111111121 0.10986111111111115
1 0.7451736111111111 0.5832291666666667 0.06315972222222221 0.10361111111111114
1 0.7926736111111111 0.6789814814814814 0.07111111111111121 0.11032407407407412
1 0.5122569444444445 0.2755150462962963 0.05538194444444446 0.10471064814814816
1 0.5690798611111111 0.5443807870370371 0.06159722222222221 0.10351851851851848
1 0.5065798611111111 0.47767939814814814 0.06163194444444446 0.10508101851851848
0 0.46744791666666663 0.37126157407407406 0.06017361111111121 0.1096759259259259