0 0.688599537037037 0.8301967592592593 0.06666666666666661 0.11574074074074048
1 0.32931134259259254 0.28086226851851853 0.0549768518518519 0.0948611111111111
1 0.27861689814814816 0.29701967592592593 0.05821759259259256 0.0981481481481481
1 0.24811921296296297 0.35962384259259256 0.06151620370370363 0.10299768518518518
1 0.19094328703703706 0.4028414351851852 0.054745370370370375 0.08861111111111111
1 0.15653935185185186 0.422974537037037 0.05642361111111107 0.09181712962962969
1 0.2862268518518518 0.5353703703703704 0.05509259259259256 0.09798611111111111
1 0.2478877314814815 0.5560821759259259 0.05648148148148149 0.09337962962962969
1 0.28790509259259256 0.7225347222222223 0.05989583333333339 0.10135416666666668
1 0.3538483796296296 0.8652835648148148 0.0679976851851852 0.10957175925925924
1 0.21788194444444448 0.8590162037037038 0.06834490740740744 0.11894675925925924
1 0.1847800925925926 0.7594560185185186 0.06319444444444441 0.10620370370370366
1 0.1557002314814815 0.8049131944444443 0.05972222222222223 0.09666666666666686
1 0.17473958333333334 0.8826099537037038 0.0578125 0.08721064814814809