0 0.7730324074074074 0.2648263888888889 0.10225694444444429 0.063900462962963
1 0.7227719907407407 0.4880902777777777 0.10526620370370363 0.0608680555555555
1 0.2145543981481482 0.5042476851851851 0.10509259259259256 0.0561805555555555
1 0.2207175925925926 0.4599479166666667 0.09103009259259257 0.055763888888888856
1 0.23298611111111112 0.41192708333333333 0.09079861111111107 0.04951388888888886
1 0.23969907407407404 0.3824710648148148 0.10046296296296298 0.05760416666666668
1 0.22152777777777777 0.3343287037037037 0.10665509259259257 0.05622685185185183
1 0.22806712962962963 0.30018518518518517 0.10202546296296297 0.057650462962963014
1 0.3466724537037037 0.36300925925925925 0.09733796296296297 0.057511574074074104
1 0.33272569444444444 0.23929398148148148 0.10046296296296298 0.05760416666666668
1 0.4068287037037037 0.23836805555555554 0.10370370370370363 0.060821759259259256