0 0.6834780092592593 0.34939236111111105 0.1059606481481481 0.06388888888888893
1 0.7458622685185186 0.7346701388888889 0.09780092592592596 0.058854166666666784
1 0.666261574074074 0.7617013888888888 0.09467592592592596 0.05871527777777778
1 0.6433449074074075 0.8171180555555555 0.09299768518518511 0.057083333333333285
1 0.6008101851851851 0.6929513888888889 0.09322916666666678 0.06020833333333329
1 0.4956597222222222 0.7157118055555556 0.09670138888888893 0.06503472222222229
1 0.481105324074074 0.7534722222222222 0.09155092592592595 0.05857638888888896
1 0.16614583333333333 0.5505729166666666 0.11278935185185186 0.07197916666666657
1 0.3041377314814815 0.8780729166666668 0.09681712962962959 0.06659722222222228
1 0.26825810185185184 0.9180208333333333 0.10295138888888893 0.06531249999999993
1 0.19331597222222222 0.8927430555555557 0.10954861111111111 0.07027777777777758
1 0.19690393518518517 0.9289583333333333 0.1042824074074074 0.06225694444444443