0 0.41630208333333335 0.4589930555555556 0.09504629629629627 0.04791666666666679
1 0.1932349537037037 0.45642361111111107 0.08870370370370369 0.044513888888888783
1 0.5887037037037037 0.6705729166666667 0.08732638888888893 0.050694444444444466
1 0.6044849537037036 0.7962673611111112 0.0777662037037036 0.04402777777777782
1 0.5828703703703704 0.7621180555555556 0.08567129629629626 0.04750000000000014
1 0.47781250000000003 0.6739409722222222 0.09045138888888893 0.050833333333333286
1 0.454068287037037 0.7116666666666667 0.08567129629629626 0.04750000000000014
1 0.2624826388888889 0.8052256944444445 0.09674768518518526 0.05267361111111128
1 0.2216898148148148 0.8390277777777779 0.0983564814814815 0.054305555555555426
1 0.14777777777777779 0.8056423611111111 0.09996527777777775 0.05593749999999993
1 0.14129050925925926 0.8402604166666666 0.0935300925925926 0.049409722222222285