0 0.1620949074074074 0.6261574074074074 0.12002314814814818 0.06336805555555572
1 0.4657118055555555 0.5491898148148148 0.1027546296296297 0.06053240740740744
1 0.7545717592592592 0.5316840277777778 0.09009259259259253 0.05648148148148149
1 0.18951967592592595 0.7276331018518518 0.12018518518518517 0.06649305555555554
1 0.27618055555555554 0.75234375 0.10307870370370367 0.06678240740740744
1 0.23740162037037038 0.854832175925926 0.11385416666666667 0.06446759259259238
1 0.35565972222222225 0.7954861111111111 0.09634259259259262 0.056944444444444464
1 0.4913946759259259 0.7893229166666667 0.10892361111111111 0.059432870370370414
1 0.5661574074074074 0.7433159722222222 0.09313657407407412 0.05515046296296298
1 0.6765740740740741 0.7001157407407408 0.10135416666666668 0.06354166666666661
1 0.8217418981481481 0.6621238425925926 0.09946759259259252 0.05717592592592595