0 0.5578703703703705 0.3427372685185185 0.06403935185185183 0.10784722222222225
1 0.4884375 0.16480902777777778 0.05737268518518519 0.09346064814814814
1 0.44356481481481486 0.1820023148148148 0.05884259259259252 0.09041666666666667
1 0.3973148148148148 0.20552662037037037 0.059120370370370344 0.09979166666666668
1 0.362181712962963 0.20813078703703702 0.054062500000000034 0.0870486111111111
1 0.31881944444444443 0.19707754629629629 0.059259259259259255 0.10447916666666668
1 0.28334490740740736 0.21456597222222223 0.05737268518518519 0.09346064814814818
1 0.2287962962962963 0.3277199074074074 0.05746527777777777 0.0965856481481481
1 0.35788773148148145 0.32728587962962963 0.06233796296296301 0.10307870370370367
1 0.2350173611111111 0.40564236111111107 0.06376157407407401 0.09847222222222225
1 0.40085069444444443 0.7209780092592593 0.06546296296296301 0.10324074074074066
1 0.4735648148148148 0.7719791666666667 0.068912037037037 0.11434027777777782