1 0.5037152777777777 0.5236631944444444 0.10138888888888893 0.06694444444444443
1 0.5511284722222223 0.6071006944444445 0.11392361111111118 0.06906250000000007
1 0.5866666666666667 0.8730034722222222 0.10777777777777793 0.07347222222222242
1 0.511892361111111 0.7891319444444445 0.1014930555555555 0.07163194444444443
1 0.4822222222222223 0.8222222222222222 0.101423611111111 0.06850694444444443
1 0.35963541666666665 0.7784548611111111 0.10611111111111109 0.06871527777777793
1 0.13317708333333333 0.6933159722222222 0.08871527777777777 0.05857638888888879
1 0.18960069444444444 0.7231944444444445 0.09034722222222222 0.06177083333333329
1 0.18498263888888888 0.5790972222222223 0.09034722222222227 0.06177083333333329
1 0.30649305555555556 0.7416840277777779 0.09979166666666668 0.06531249999999993
0 0.2964583333333334 0.4542361111111111 0.09350694444444443 0.06347222222222229