1 0.8158564814814815 0.46567129629629633 0.06834490740740726 0.10315972222222207
1 0.8130208333333332 0.38536458333333334 0.061168981481481664 0.0903356481481481
1 0.749826388888889 0.2676851851851852 0.06018518518518512 0.0980671296296296
1 0.7133680555555555 0.2587905092592592 0.06319444444444447 0.09666666666666668
1 0.6719907407407407 0.26754050925925926 0.06273148148148149 0.09041666666666667
1 0.636082175925926 0.25556134259259256 0.059837962962962975 0.09337962962962969
1 0.6872974537037038 0.3796238425925926 0.06452546296296298 0.09362268518518517
1 0.5641493055555555 0.3561168981481481 0.06678240740740744 0.10307870370370367
1 0.5192129629629629 0.3483391203703704 0.07413194444444446 0.09723379629629632
1 0.6745659722222223 0.7750925925925926 0.07349537037037042 0.10965277777777782
1 0.6086226851851853 0.8199247685185185 0.07361111111111107 0.111215277777778
0 0.6815393518518519 0.5225231481481482 0.07146990740740726 0.10332175925925924