0 0.28055555555555556 0.5617766203703705 0.05452546296296301 0.10190972222222214
1 0.25317708333333333 0.297974537037037 0.04790509259259261 0.08917824074074074
1 0.31351851851851853 0.2939525462962963 0.049699074074074014 0.09704861111111107
1 0.3469733796296296 0.6166377314814815 0.04846064814814817 0.10792824074074084
1 0.36656828703703703 0.5360243055555556 0.04197916666666668 0.09988425925925917
1 0.4321701388888889 0.32806712962962964 0.04487268518518519 0.0921875
1 0.40862847222222226 0.594675925925926 0.043449074074074015 0.09681712962962977
1 0.48947337962962967 0.34739583333333335 0.050983796296296194 0.0877314814814815
1 0.5081655092592593 0.4028356481481481 0.04813657407407419 0.09699074074074084
1 0.4531770833333333 0.833304398148148 0.04813657407407419 0.09699074074074084
1 0.4639525462962963 0.9446614583333333 0.04386574074074083 0.11067708333333356
1 0.7280613425925926 0.7418113425925925 0.05457175925925917 0.10347222222222215
1 0.7771990740740741 0.48240740740740745 0.041469907407407545 0.08269675925925916
1 0.8149768518518519 0.7911747685185185 0.06063657407407419 0.0974537037037038