1 0.22203124999999999 0.7579803240740741 0.10277777777777777 0.06324074074074063
1 0.2699479166666667 0.4997280092592593 0.09631944444444444 0.058506944444444285
1 0.3140625 0.7010300925925926 0.09489583333333336 0.06162037037037038
1 0.3517361111111111 0.7749942129629629 0.09802083333333336 0.06164351851851855
1 0.42671875000000004 0.6861284722222223 0.10427083333333335 0.06168981481481488
1 0.47347222222222224 0.665462962962963 0.09944444444444436 0.05853009259259245
1 0.47333333333333333 0.7326736111111112 0.10128472222222218 0.06479166666666672
1 0.525173611111111 0.7033738425925925 0.10590277777777786 0.06326388888888879
1 0.5059722222222222 0.7988599537037038 0.09802083333333336 0.06164351851851855
1 0.5521874999999999 0.7485011574074074 0.10590277777777786 0.06326388888888879
1 0.5810763888888889 0.8006481481481481 0.118611111111111 0.06804398148148146
1 0.6019965277777778 0.72625 0.11385416666666667 0.06644675925925939
1 0.648125 0.6915219907407407 0.11684027777777786 0.06334490740740736
1 0.8008159722222222 0.8388773148148146 0.1171180555555555 0.06959490740740719
1 0.8599305555555556 0.9204976851851854 0.1140625 0.07113425925925938
0 0.60375 0.6426157407407407 0.10434027777777785 0.06325231481481489