0 0.368587962962963 0.6379050925925925 0.047662037037037044 0.10972222222222214
1 0.4497858796296296 0.2152488425925926 0.04616898148148145 0.1189814814814815
1 0.40765624999999994 0.2199363425925926 0.05238425925925938 0.11475694444444447
1 0.35540509259259256 0.22855902777777776 0.04295138888888887 0.10625
1 0.38663194444444443 0.5439814814814815 0.04292824074074071 0.103125
1 0.36890625 0.47005208333333337 0.053900462962962956 0.10862268518518511
1 0.351880787037037 0.38524305555555555 0.04918981481481488 0.10515046296296297
1 0.28637152777777775 0.2905960648148148 0.047638888888888876 0.10659722222222223
1 0.3310185185185185 0.7311631944444444 0.04295138888888887 0.10625
1 0.27966435185185184 0.75546875 0.042893518518518546 0.0984375
1 0.24666666666666667 0.6226273148148149 0.04756944444444446 0.09722222222222214