0 0.3734375 0.5864178240740741 0.054895833333333324 0.09831018518518526
1 0.6184375 0.234375 0.06072916666666668 0.11563657407407409
1 0.42859375 0.26397569444444446 0.05541666666666671 0.10612268518518526
1 0.33703125 0.3458043981481481 0.05593749999999993 0.0905439814814815
1 0.3119270833333333 0.4640451388888889 0.058229166666666644 0.10152777777777774
1 0.29583333333333334 0.37667824074074074 0.05166666666666666 0.0966550925925926
1 0.26177083333333334 0.5236168981481482 0.05614583333333334 0.09366898148148159
1 0.27567708333333335 0.44418402777777777 0.061249999999999985 0.10005787037037042
1 0.24192708333333335 0.3868229166666667 0.061249999999999985 0.10005787037037042
1 0.16942708333333334 0.4410358796296297 0.06281249999999998 0.10010416666666658
1 0.24880208333333337 0.7768576388888888 0.058541666666666714 0.10621527777777792