0 0.35229166666666667 0.39534722222222224 0.06135416666666664 0.10283564814814809
1 0.3809895833333333 0.5410821759259259 0.05437500000000002 0.09157407407407411
1 0.32859375 0.2686863425925926 0.06135416666666664 0.10283564814814809
1 0.27932291666666664 0.6432118055555556 0.06281250000000008 0.10135416666666668
1 0.26437499999999997 0.4558564814814815 0.06437500000000007 0.10143518518518527
1 0.2590104166666667 0.5716030092592592 0.05791666666666666 0.09798611111111111
1 0.231875 0.4141898148148148 0.06749999999999998 0.10159722222222226
1 0.16208333333333333 0.33217592592592593 0.06447916666666668 0.10299768518518526
1 0.16052083333333333 0.4614467592592593 0.06135416666666669 0.10283564814814809
1 0.21869791666666666 0.576568287037037 0.061562499999999964 0.1059606481481481
1 0.16234375 0.6457696759259259 0.06239583333333334 0.09510416666666668