1 0.29970486111111116 0.27014467592592595 0.06475694444444446 0.10202546296296297
0 0.4449652777777778 0.4446296296296296 0.06475694444444446 0.10202546296296297
1 0.35746527777777776 0.26822916666666663 0.06312499999999996 0.09888888888888889
1 0.34979166666666667 0.5907754629629629 0.07111111111111112 0.1067592592592593
1 0.3575347222222222 0.9040624999999999 0.06965277777777779 0.11143518518518505
1 0.43123263888888896 0.8108738425925927 0.07111111111111121 0.1067592592592593
1 0.5120486111111111 0.4052893518518519 0.05333333333333332 0.08006944444444439
1 0.5575694444444445 0.41500000000000004 0.05513888888888889 0.09101851851851847
1 0.7159548611111111 0.7583043981481481 0.07440972222222228 0.11459490740740748
1 0.7710243055555555 0.8110474537037037 0.06291666666666665 0.08951388888888871
1 0.7957118055555557 0.5159664351851851 0.06482638888888878 0.10515046296296297