1 0.3251678240740741 0.746736111111111 0.07528935185185182 0.04239583333333332
1 0.3624884259259259 0.7208506944444444 0.07374999999999998 0.045451388888889
1 0.3978703703703704 0.7497569444444444 0.0784143518518519 0.04253472222222214
1 0.3974884259259259 0.6981944444444445 0.07997685185185181 0.042604166666666644
1 0.42817708333333326 0.7265277777777778 0.07214120370370374 0.0391319444444445
1 0.463582175925926 0.7585590277777777 0.08000000000000007 0.04572916666666664
1 0.4387037037037037 0.6705729166666666 0.08307870370370374 0.03961805555555564
1 0.47333333333333333 0.7034201388888889 0.0784143518518519 0.04253472222222214
1 0.504832175925926 0.735625 0.08309027777777764 0.041180555555555644
1 0.5425694444444444 0.7659895833333333 0.08311342592592581 0.04430555555555564
1 0.47601851851851845 0.64390625 0.08156250000000007 0.045798611111111144
1 0.5145486111111112 0.6757986111111112 0.08468750000000007 0.045937499999999964
1 0.5437094907407408 0.7088888888888889 0.08468750000000007 0.045937500000000145
1 0.5798900462962964 0.7401041666666667 0.08625000000000008 0.04600694444444446
1 0.616087962962963 0.7736631944444444 0.08466435185185191 0.04281249999999996
0 0.48740740740740734 0.38784722222222223 0.08781250000000007 0.046076388888888785