0 0.2751736111111111 0.5192013888888889 0.09814814814814818 0.06354166666666661
1 0.927951388888889 0.4854861111111111 0.09479166666666643 0.060277777777777784
1 0.8390625 0.5552777777777778 0.1262731481481481 0.06479166666666672
1 0.7810474537037038 0.6503472222222222 0.10954861111111107 0.07027777777777774
1 0.6622685185185185 0.6446527777777777 0.10416666666666678 0.060694444444444426
1 0.5727430555555555 0.7270138888888888 0.0981481481481481 0.06354166666666661
1 0.41189236111111105 0.7247569444444444 0.09924768518518512 0.057361111111111106
1 0.2812789351851852 0.6756944444444445 0.10225694444444447 0.05593749999999993
1 0.5304976851851853 0.6011284722222222 0.09288194444444446 0.05552083333333328
1 0.4019097222222222 0.5794097222222222 0.10428240740740743 0.06225694444444443
1 0.4600694444444445 0.6238541666666666 0.09947916666666679 0.06048611111111111
1 0.3199363425925926 0.6261631944444443 0.08651620370370372 0.05368055555555564
1 0.2533275462962963 0.5946354166666666 0.09913194444444447 0.055798611111111104