0 0.1559375 0.3980208333333334 0.115625 0.07791666666666668
1 0.7921527777777777 0.5089583333333334 0.09503472222222235 0.0640625
1 0.7948958333333334 0.5619791666666667 0.09819444444444443 0.06583333333333333
1 0.7467881944444444 0.6152604166666666 0.102986111111111 0.07083333333333322
1 0.7264409722222223 0.68546875 0.08874999999999993 0.06208333333333336
1 0.7195138888888889 0.7258333333333333 0.09190972222222218 0.06385416666666668
1 0.5699652777777778 0.6505208333333333 0.09812499999999993 0.06270833333333332
1 0.5639062499999999 0.6947395833333333 0.09350694444444443 0.06552083333333343
1 0.3947743055555556 0.7240104166666667 0.10295138888888893 0.06927083333333339
1 0.23901041666666667 0.72109375 0.109375 0.07750000000000004
1 0.29258680555555555 0.8434895833333333 0.11875 0.078125
1 0.39565972222222223 0.8342708333333333 0.10614583333333324 0.07260416666666672
1 0.3645833333333333 0.8793749999999999 0.09670138888888893 0.06885416666666658
1 0.28586805555555556 0.8932291666666667 0.08729166666666668 0.06666666666666643