0 0.37711226851851853 0.4177025462962963 0.09297453703703713 0.05068287037037038
1 0.2772164351851852 0.45166087962962964 0.09297453703703704 0.05068287037037038
1 0.47888310185185184 0.4677488425925926 0.09421296296296297 0.044525462962963044
1 0.5384375 0.5358738425925926 0.10407407407407412 0.054456018518518515
1 0.18195023148148148 0.6216435185185185 0.0835185185185185 0.04856481481481474
1 0.15375578703703702 0.7448148148148148 0.08343750000000001 0.04700231481481474
1 0.21005787037037038 0.7554976851851851 0.08672453703703704 0.05031250000000007
1 0.32625 0.7377083333333333 0.08984953703703705 0.05049768518518523
1 0.39386574074074077 0.7555092592592592 0.09766203703703695 0.050960648148148026
1 0.5166956018518518 0.7599131944444444 0.09618055555555553 0.052430555555555536
1 0.5407175925925926 0.7172106481481482 0.09281249999999996 0.04755787037037038
1 0.6311458333333333 0.7757175925925925 0.09642361111111111 0.05711805555555553