0 0.23517939814814817 0.37255787037037036 0.09781250000000004 0.043599537037037096
1 0.20954861111111112 0.7654918981481481 0.08981481481481479 0.04035879629629626
1 0.2908854166666667 0.778425925925926 0.08668981481481489 0.04031249999999993
1 0.31912615740740746 0.8296701388888887 0.08512731481481488 0.040289351851851764
1 0.34956018518518517 0.698755787037037 0.08531250000000004 0.04341435185185176
1 0.4555787037037037 0.7042361111111111 0.08706018518518518 0.04656249999999993
1 0.4738078703703704 0.7396932870370371 0.08365740740740737 0.0418287037037036
1 0.7672106481481482 0.48600115740740735 0.10443287037037016 0.04994212962962976
1 0.66140625 0.8331770833333334 0.08715277777777786 0.04812499999999993
1 0.7008680555555555 0.8666030092592593 0.09331018518518519 0.046655092592592595
1 0.7726678240740741 0.8293518518518518 0.10130787037037052 0.04989583333333343
1 0.7728356481481481 0.866105324074074 0.09615740740740737 0.04201388888888893