1 0.841568287037037 0.33869791666666665 0.09855324074074083 0.065324074074074
1 0.7865740740740741 0.3128125 0.08581018518518527 0.060266203703703704
1 0.6655902777777778 0.2920138888888889 0.10488425925925923 0.06707175925925926
1 0.46774305555555556 0.5161921296296297 0.09995370370370367 0.06224537037037035
1 0.5711979166666666 0.25635416666666666 0.09871527777777782 0.0684490740740741
1 0.533883101851852 0.28185185185185185 0.09847222222222207 0.0637615740740741
1 0.5011458333333334 0.219068287037037 0.10348379629629641 0.07015046296296301
1 0.4473553240740741 0.2605092592592593 0.10800925925925924 0.06716435185185184
1 0.37972222222222224 0.16148148148148148 0.10332175925925924 0.06702546296296293
1 0.3278877314814815 0.18028935185185185 0.10800925925925924 0.06716435185185184
1 0.2442303240740741 0.1488599537037037 0.12395833333333339 0.07387731481481481
1 0.0891724537037037 0.72484375 0.11943287037037038 0.07686342592592581
1 0.44255208333333335 0.42859374999999994 0.09682870370370367 0.062152777777777855
0 0.3833564814814815 0.2875636574074074 0.10800925925925924 0.06716435185185184