0 0.4488020833333334 0.3263020833333333 0.07020833333333343 0.1197916666666666
1 0.6339583333333334 0.6989583333333333 0.05812500000000007 0.10187500000000008
1 0.39848958333333334 0.39265625000000004 0.06322916666666663 0.10843749999999996
1 0.36104166666666665 0.5577083333333334 0.06343750000000004 0.11156249999999997
1 0.3402604166666666 0.4377604166666667 0.06979166666666661 0.11354166666666661
1 0.30625 0.32958333333333334 0.07468750000000002 0.11697916666666668
1 0.32354166666666667 0.6185416666666667 0.06447916666666664 0.10385416666666672
1 0.28380208333333334 0.43296875 0.0645833333333334 0.10541666666666671
1 0.2807291666666667 0.5840625 0.06364583333333336 0.09135416666666671
1 0.26244791666666667 0.50828125 0.06322916666666663 0.10843749999999996
1 0.2519791666666667 0.6419791666666667 0.07489583333333334 0.12010416666666668
1 0.20270833333333335 0.49437499999999995 0.07083333333333339 0.10583333333333336