0 0.5851388888888889 0.6337731481481482 0.10229166666666671 0.05452546296296283
1 0.32611111111111113 0.7942881944444444 0.10229166666666671 0.05452546296296283
1 0.17413194444444446 0.6935648148148148 0.09732638888888889 0.04813657407407419
1 0.16166666666666668 0.6572106481481482 0.10385416666666662 0.05457175925925917
1 0.1924826388888889 0.6150983796296297 0.10201388888888889 0.04827546296296283
1 0.19251736111111112 0.5791145833333333 0.09874999999999998 0.045057870370370345
1 0.17904513888888887 0.5302141203703703 0.08618055555555557 0.04312500000000004
1 0.1676736111111111 0.48685185185185187 0.0927777777777778 0.05112268518518519
1 0.4596354166666667 0.44778356481481485 0.10065972222222222 0.05291666666666668
1 0.7107118055555556 0.4309722222222222 0.11031250000000004 0.0594444444444445
1 0.29989583333333336 0.6448784722222223 0.0926388888888889 0.04799768518518519