1 0.5259375000000001 0.49159143518518517 0.10138888888888893 0.0639814814814816
1 0.5733506944444444 0.4096122685185185 0.113923611111111 0.06572916666666657
1 0.6088888888888888 0.1449363425925926 0.10777777777777793 0.07032407407407408
1 0.5341145833333334 0.22653935185185184 0.1014930555555555 0.06866898148148151
1 0.5044444444444445 0.1925925925925926 0.101423611111111 0.06554398148148147
1 0.3818576388888889 0.2327025462962963 0.10611111111111109 0.06561342592592592
1 0.15539930555555553 0.31108217592592596 0.08871527777777777 0.05598379629629626
1 0.21182291666666667 0.2828935185185185 0.09034722222222227 0.05913194444444443
1 0.2072048611111111 0.4267592592592592 0.09034722222222218 0.05913194444444443
1 0.3287152777777778 0.26787615740740744 0.09979166666666668 0.06239583333333334
0 0.3186805555555555 0.554837962962963 0.09350694444444443 0.06074074074074076