1 0.23984375 0.36328125 0.040625 0.09375
1 0.2546875 0.28359375 0.03828125 0.08203125
1 0.33359375 0.184375 0.034375 0.08984375
1 0.3703125 0.18515625 0.03828125 0.08828125
1 0.409375 0.20546875 0.0390625 0.08046875
1 0.4453125 0.20390625 0.034375 0.08359375
1 0.37734375 0.31328125 0.0390625 0.08515625
1 0.5 0.3234375 0.0390625 0.09375
1 0.54453125 0.328125 0.04921875 0.08515625
1 0.32890625 0.71015625 0.0453125 0.0984375
1 0.3859375 0.77265625 0.04375 0.1
0 0.3609375 0.45703125 0.04453125 0.0921875