0 0.7416493055555555 0.43583333333333335 0.07211805555555557 0.11541666666666668
1 0.41281249999999997 0.49124999999999996 0.05524305555555564 0.08625000000000008
1 0.38244791666666667 0.5259895833333333 0.061840277777777786 0.09447916666666671
1 0.37906249999999997 0.44442708333333336 0.06687500000000002 0.10260416666666661
1 0.34241319444444446 0.4102604166666667 0.058368055555555555 0.08645833333333339
1 0.3479166666666667 0.4792187500000001 0.05843749999999996 0.08802083333333321
1 0.35744791666666664 0.5627083333333334 0.06715277777777776 0.10885416666666661
1 0.3230381944444444 0.6008333333333333 0.07843749999999998 0.11739583333333332
1 0.3201215277777778 0.52625 0.060416666666666605 0.09749999999999996
1 0.31276041666666665 0.44651041666666663 0.06986111111111111 0.09968749999999993
1 0.3064409722222222 0.3783854166666667 0.06673611111111111 0.0994791666666666
1 0.2974479166666667 0.6508333333333333 0.0636805555555556 0.10083333333333329
1 0.2925 0.569375 0.07135416666666661 0.09822916666666667
1 0.2830729166666667 0.4835416666666667 0.06298611111111115 0.08520833333333329
1 0.2790625 0.41604166666666664 0.06687500000000002 0.10260416666666679
1 0.27465277777777775 0.34 0.06815972222222229 0.09645833333333335