1 0.7640625 0.32421875 0.0375 0.075
1 0.7390625 0.3609375 0.03984375 0.0734375
1 0.76875 0.396875 0.03671875 0.078125
1 0.7171875 0.39609375 0.03671875 0.0796875
1 0.746875 0.42734375 0.03515625 0.07109375
1 0.7796875 0.4625 0.03984375 0.0796875
1 0.690625 0.43671875 0.03359375 0.0828125
1 0.725 0.471875 0.03671875 0.078125
1 0.7578125 0.50390625 0.0359375 0.0828125
1 0.7890625 0.54140625 0.0390625 0.0828125
1 0.665625 0.47421875 0.03984375 0.08046875
1 0.6984375 0.5125 0.03984375 0.084375
1 0.73203125 0.5421875 0.03984375 0.08515625
1 0.7640625 0.57890625 0.03984375 0.0859375
1 0.7984375 0.615625 0.03671875 0.08359375
0 0.409375 0.4828125 0.03984375 0.08671875