0 0.3602777777777778 0.7440798611111111 0.12465277777777786 0.06791666666666671
1 0.8436111111111112 0.5934375000000001 0.1186805555555555 0.07388888888888889
1 0.44430555555555556 0.5916145833333333 0.10725694444444453 0.06246527777777775
1 0.70234375 0.6380729166666667 0.11208333333333335 0.06579861111111107
1 0.5652604166666666 0.6535590277777777 0.10739583333333336 0.06559027777777775
1 0.4883680555555555 0.6319270833333334 0.11222222222222236 0.06892361111111107
1 0.38828125 0.6168055555555556 0.10739583333333336 0.06559027777777793
1 0.2783854166666667 0.6099479166666667 0.11114583333333332 0.07979166666666657
1 0.4244965277777778 0.6566840277777778 0.09631944444444436 0.061979166666666606
1 0.7357118055555556 0.7195659722222223 0.11392361111111118 0.07211805555555557
1 0.5038715277777778 0.6813368055555555 0.10263888888888886 0.06381944444444443
1 0.37177083333333333 0.6856423611111111 0.09937500000000003 0.06055555555555543
1 0.46423611111111107 0.7230208333333333 0.09965277777777785 0.06680555555555542
1 0.5385590277777779 0.7925173611111112 0.09631944444444436 0.061979166666666786
1 0.7554340277777778 0.8462847222222223 0.11208333333333335 0.06579861111111107