0 0.4338773148148148 0.725920138888889 0.09697916666666657 0.06119212962962965
1 0.7515856481481482 0.3550810185185186 0.10175925925925924 0.06456018518518522
1 0.7397800925925926 0.5422569444444444 0.10943287037037024 0.060277777777777784
1 0.32774884259259257 0.6899016203703704 0.1221643518518519 0.06873842592592609
1 0.675787037037037 0.6422222222222222 0.10001157407407409 0.058229166666666644
1 0.6525462962962963 0.6871817129629629 0.1064004629629629 0.06324074074074079
1 0.504542824074074 0.691244212962963 0.09679398148148159 0.05494212962962948
1 0.5929571759259259 0.7177372685185185 0.11439814814814823 0.06989583333333335
1 0.5002141203703704 0.7317071759259259 0.10943287037037042 0.060277777777777784
1 0.637644675925926 0.7411805555555555 0.12197916666666657 0.06248842592592592
1 0.6058043981481481 0.8122974537037038 0.11255787037037042 0.06043981481481495