0 0.33046875 0.8234375 0.046875 0.10625
1 0.621875 0.24140625 0.0390625 0.08671875
1 0.67421875 0.2515625 0.040625 0.08984375
1 0.71171875 0.3109375 0.04296875 0.09375
1 0.77421875 0.34765625 0.0390625 0.08203125
1 0.8109375 0.3640625 0.04140625 0.08515625
1 0.6953125 0.4890625 0.0375 0.08984375
1 0.7359375 0.50546875 0.040625 0.0859375
1 0.715625 0.675 0.0421875 0.09453125
1 0.6671875 0.8234375 0.0484375 0.09921875
1 0.8015625 0.80234375 0.046875 0.109375
1 0.82265625 0.70078125 0.0453125 0.09765625
1 0.85703125 0.7421875 0.04375 0.08828125
1 0.84765625 0.82109375 0.04375 0.07734375