1 0.798148148148148 0.6308159722222222 0.06871527777777793 0.1046180555555555
0 0.5921180555555555 0.5356423611111112 0.06869212962962976 0.1030555555555555
1 0.7477835648148148 0.6578125 0.06708333333333343 0.09989583333333325
1 0.6106076388888889 0.3603298611111111 0.07503472222222225 0.10944444444444441
1 0.46350694444444446 0.07824652777777777 0.07354166666666676 0.11409722222222222
1 0.4402546296296296 0.19565972222222222 0.07503472222222225 0.10944444444444441
1 0.5501331018518518 0.6010937500000001 0.055891203703703596 0.08246527777777786
1 0.5057754629629629 0.6118229166666667 0.0575925925925926 0.09187499999999993
1 0.2124363425925926 0.36944444444444446 0.07827546296296299 0.11732638888888883
1 0.14101851851851852 0.34598958333333335 0.0654050925925926 0.0920486111111111
1 0.2513773148148148 0.6256944444444444 0.06876157407407409 0.1077430555555555