0 0.5581539351851852 0.3396643518518519 0.06537037037037034 0.09780092592592596
1 0.49656828703703704 0.14960648148148148 0.05608796296296283 0.10078703703703704
1 0.5396527777777778 0.14633680555555556 0.0655555555555555 0.10405092592592595
1 0.6011458333333334 0.12848958333333332 0.06863425925925917 0.10253472222222224
1 0.6057175925925926 0.23798032407407405 0.06578703703703699 0.11186342592592595
1 0.6500462962962963 0.3246122685185185 0.06721064814814817 0.10719907407407411
1 0.6412268518518518 0.4112384259259259 0.06238425925925917 0.10244212962962962
1 0.6010300925925927 0.4489409722222223 0.06233796296296301 0.10087962962962962
1 0.648263888888889 0.17373842592592592 0.06109953703703717 0.1117939814814815
1 0.7061111111111111 0.12066550925925927 0.07052083333333332 0.11349537037037036
1 0.7488310185185185 0.10332175925925927 0.0624305555555555 0.10400462962962961