0 0.4926909722222222 0.33067708333333334 0.09312499999999986 0.04833333333333334
1 0.28314236111111113 0.42265625 0.08687500000000004 0.04791666666666661
1 0.19071180555555553 0.7556770833333333 0.09017361111111111 0.05593749999999993
1 0.2497916666666667 0.765 0.08697916666666661 0.052604166666666785
1 0.3704513888888889 0.7413541666666668 0.09625000000000003 0.04854166666666657
1 0.506076388888889 0.7463541666666667 0.10104166666666678 0.05354166666666664
1 0.50234375 0.7036979166666667 0.09479166666666661 0.053125
1 0.5474479166666667 0.53453125 0.09628472222222229 0.050104166666666575
1 0.5980381944444444 0.68015625 0.09802083333333336 0.05802083333333332
1 0.6939756944444444 0.6105729166666667 0.10097222222222228 0.050416666666666644
1 0.6765798611111111 0.6913020833333333 0.10892361111111111 0.05718750000000004
1 0.6828645833333333 0.75953125 0.11059027777777786 0.061979166666666786
1 0.7572395833333333 0.7124479166666667 0.11204861111111128 0.057395833333333354
1 0.814236111111111 0.3591666666666667 0.10111111111111129 0.05666666666666664