0 0.7243113425925927 0.5722222222222222 0.09787037037037045 0.07436342592592596
1 0.12409722222222222 0.3677372685185185 0.09313657407407408 0.07089120370370364
1 0.1859548611111111 0.45914351851851853 0.12604166666666666 0.07957175925925916
1 0.20854166666666668 0.567505787037037 0.10892361111111111 0.08298611111111107
1 0.32210648148148147 0.592650462962963 0.1040972222222222 0.07326388888888893
1 0.3798726851851852 0.6968460648148148 0.09787037037037036 0.07436342592592596
1 0.5306828703703703 0.736400462962963 0.09934027777777779 0.06822916666666679
1 0.6682291666666667 0.7230902777777778 0.10090277777777779 0.06834490740740744
1 0.45957175925925925 0.5848090277777778 0.09306712962962962 0.06620370370370363
1 0.5865914351851853 0.5972511574074074 0.10412037037037045 0.07482638888888893
1 0.5182754629629629 0.6257233796296295 0.09938657407407411 0.07135416666666679
1 0.6488078703703704 0.6644386574074075 0.08677083333333328 0.06261574074074083
1 0.7207986111111111 0.6513020833333333 0.09775462962962962 0.06655092592592596