1 0.1796875 0.24325810185185187 0.0828125 0.05021990740740741
1 0.2109375 0.36640625 0.10625 0.05004629629629633
1 0.24296875 0.22466435185185185 0.096875 0.05417824074074078
1 0.365625 0.22442708333333333 0.09375 0.04930555555555553
1 0.42265625 0.1976099537037037 0.0953125 0.06033564814814811
1 0.54921875 0.1713599537037037 0.1015625 0.054456018518518515
1 0.57109375 0.21225115740740738 0.0953125 0.055648148148148203
1 0.65703125 0.14075231481481482 0.1015625 0.06383101851851851
1 0.30859375 0.519994212962963 0.0984375 0.04802083333333336
1 0.5625 0.39479166666666665 0.0953125 0.05408564814814811
1 0.5078125 0.4722511574074074 0.096875 0.054178240740740694
0 0.41015625 0.5389756944444445 0.1015625 0.05133101851851851