0 0.36821180555555555 0.6389351851851852 0.052604166666666605 0.09662037037037034
1 0.2127951388888889 0.6645081018518518 0.05125000000000002 0.10121527777777786
1 0.26678819444444446 0.6768923611111111 0.05798611111111107 0.11252314814814816
1 0.3594444444444444 0.3628414351851852 0.05586805555555561 0.0999305555555555
1 0.43479166666666663 0.4908391203703705 0.05871527777777778 0.09386574074074083
1 0.43602430555555555 0.5858275462962963 0.05124999999999993 0.10121527777777786
1 0.4606944444444444 0.6443634259259259 0.05593749999999993 0.1014930555555555
1 0.4852430555555555 0.5829108796296296 0.05559027777777779 0.0936805555555555
1 0.5009375 0.15965856481481483 0.05798611111111107 0.11252314814814816
1 0.5339236111111111 0.05170428240740741 0.06097222222222225 0.10340856481481482
1 0.7563194444444445 0.2691956018518519 0.05899305555555543 0.10011574074074074
1 0.825 0.2316203703703704 0.05593749999999993 0.1014930555555555
1 0.7565798611111111 0.5263136574074074 0.05076388888888896 0.09027777777777786