0 0.6044270833333333 0.5462094907407408 0.10515046296296297 0.05621527777777775
1 0.7922453703703703 0.49267361111111113 0.09085648148148148 0.04975694444444443
1 0.7814814814814814 0.4459837962962963 0.08784722222222215 0.0528356481481481
1 0.7652777777777777 0.39859374999999997 0.0971643518518519 0.051412037037037006
1 0.7689236111111111 0.3634027777777778 0.08454861111111107 0.048101851851851854
1 0.786863425925926 0.3217534722222222 0.1018518518518519 0.05148148148148142
1 0.775 0.28366898148148145 0.09085648148148132 0.04975694444444443
1 0.6711226851851851 0.22118055555555555 0.0940393518518519 0.05136574074074076
1 0.6515625 0.34874421296296293 0.10040509259259256 0.05458333333333325
1 0.5930555555555556 0.22077546296296297 0.09427083333333322 0.05761574074074076
1 0.25532407407407404 0.3585185185185185 0.0989583333333334 0.05768518518518517
1 0.19346064814814815 0.42658564814814814 0.11001157407407405 0.06097222222222225