0 0.67109375 0.4125 0.08984375 0.040625
1 0.70078125 0.259375 0.0953125 0.0390625
1 0.71171875 0.315625 0.10625 0.04453125
1 0.39609375 0.3671875 0.09296875 0.04453125
1 0.521875 0.459375 0.0875 0.046875
1 0.61640625 0.4734375 0.0953125 0.0390625
1 0.6734375 0.50546875 0.0953125 0.04453125
1 0.61171875 0.52265625 0.0875 0.04453125
1 0.18984375 0.48203125 0.10625 0.04453125
1 0.07890625 0.50078125 0.10390625 0.04765625
1 0.2921875 0.753125 0.09296875 0.04765625
1 0.25234375 0.8171875 0.0953125 0.04453125
1 0.54765625 0.7875 0.084375 0.0390625