0 0.46328125 0.69453125 0.10078125 0.04140625
1 0.28828125 0.31875 0.11171875 0.04765625
1 0.36484375 0.32421875 0.10078125 0.04453125
1 0.4546875 0.32265625 0.084375 0.040625
1 0.521875 0.32734375 0.07109375 0.040625
1 0.60625 0.3296875 0.0875 0.040625
1 0.565625 0.359375 0.0875 0.04765625
1 0.49609375 0.35625 0.0625 0.034375
1 0.40703125 0.35546875 0.0984375 0.0453125
1 0.33046875 0.35546875 0.09296875 0.04765625
1 0.3671875 0.390625 0.11171875 0.04453125
1 0.44921875 0.39140625 0.07890625 0.04296875
1 0.53828125 0.38984375 0.08203125 0.04140625
1 0.41640625 0.42265625 0.07890625 0.04453125
1 0.4890625 0.421875 0.0984375 0.04140625
1 0.45390625 0.45625 0.08203125 0.046875