0 0.19984375000000001 0.7701909722222222 0.11895833333333332 0.052569444444444356
1 0.73828125 0.31123263888888886 0.11270833333333333 0.052430555555555536
1 0.7302083333333333 0.5025347222222223 0.12708333333333321 0.05743055555555543
1 0.6407291666666667 0.604375 0.1125 0.04930555555555553
1 0.5195833333333333 0.6429513888888889 0.09385416666666657 0.05045138888888889
1 0.6169791666666666 0.6446875000000001 0.10145833333333343 0.04750000000000014
1 0.555625 0.6756944444444445 0.08791666666666664 0.05500000000000007
1 0.4685416666666667 0.6947916666666666 0.10999999999999996 0.05861111111111121
1 0.5944791666666667 0.7013541666666667 0.10520833333333321 0.056944444444444464
1 0.5552604166666667 0.7747743055555556 0.10500000000000007 0.05381944444444446
1 0.3775 0.8083680555555557 0.1052083333333333 0.056944444444444284