0 0.8109375 0.5453125 0.040625 0.0875
1 0.81875 0.3640625 0.03984375 0.0828125
1 0.76640625 0.33046875 0.03828125 0.07421875
1 0.67421875 0.25234375 0.040625 0.08125
1 0.62421875 0.2421875 0.03828125 0.08125
1 0.696875 0.49296875 0.040625 0.0875
1 0.7359375 0.509375 0.0390625 0.08515625
1 0.71796875 0.67265625 0.0421875 0.1
1 0.66796875 0.82265625 0.04375 0.090625
1 0.825 0.69921875 0.0421875 0.09453125
1 0.859375 0.740625 0.0421875 0.08828125
1 0.2515625 0.8859375 0.04921875 0.103125
1 0.80078125 0.80390625 0.04765625 0.10703125
1 0.84453125 0.8203125 0.0453125 0.0859375