0 0.26913194444444444 0.8002719907407407 0.05567129629629628 0.08672453703703695
1 0.3934664351851852 0.16924768518518518 0.06100694444444441 0.10866898148148145
1 0.34990740740740744 0.3082349537037037 0.06560185185185183 0.10561342592592596
1 0.2694328703703704 0.28285300925925927 0.06307870370370372 0.12587962962962962
1 0.13900462962962962 0.25977430555555553 0.052731481481481476 0.0929282407407408
1 0.3960358796296296 0.572511574074074 0.052731481481481435 0.09292824074074062
1 0.37346064814814817 0.6283391203703703 0.05741898148148152 0.09299768518518511
1 0.35706018518518523 0.5496412037037037 0.054479166666666676 0.09920138888888878
1 0.3337615740740741 0.4491608796296296 0.054618055555555586 0.10388888888888878
1 0.3282349537037037 0.6055613425925925 0.0528240740740741 0.0960532407407408
1 0.31222222222222223 0.5135706018518519 0.05622685185185183 0.10547453703703695
1 0.3125289351851852 0.6558159722222222 0.060543981481481525 0.09304398148148145
1 0.30494212962962963 0.7426851851851852 0.06119212962962965 0.11491898148148146
1 0.2821122685185185 0.578888888888889 0.055763888888888856 0.08984953703703695
1 0.19470486111111113 0.4777951388888889 0.05622685185185183 0.10547453703703695