0 0.722013888888889 0.9056712962962962 0.0642824074074074 0.12494212962962976
1 0.7369444444444444 0.6492476851851852 0.05295138888888893 0.09756944444444446
1 0.6893460648148148 0.5442708333333334 0.04837962962962976 0.10503472222222214
1 0.6858738425925927 0.7313078703703704 0.0610185185185184 0.11533564814814809
1 0.6677604166666666 0.45682870370370365 0.05456018518518526 0.10081018518518511
1 0.6347743055555556 0.758738425925926 0.05005787037037024 0.11296296296296297
1 0.6371643518518518 0.6566840277777778 0.04353009259259259 0.09375
1 0.6410127314814815 0.5477141203703704 0.04837962962962976 0.10503472222222214
1 0.6028761574074075 0.712673611111111 0.059224537037037096 0.09959490740740726
1 0.6136400462962963 0.596412037037037 0.05309027777777775 0.10694444444444447
1 0.5711574074074074 0.6260416666666667 0.04987268518518526 0.10046296296296298
1 0.5644965277777778 0.43981481481481477 0.049942129629629586 0.10515046296296297
1 0.5653587962962963 0.33998842592592593 0.048263888888888926 0.09722222222222214
1 0.14974537037037036 0.731394675925926 0.06246527777777779 0.10763888888888892