0 0.57640625 0.7928472222222223 0.09297453703703695 0.05449074074074076
1 0.3970138888888889 0.8283101851851852 0.08826388888888888 0.052858796296296265
1 0.3578645833333333 0.7820254629629629 0.08038194444444446 0.04805555555555561
1 0.268431712962963 0.7028993055555556 0.08670138888888887 0.0528356481481481
1 0.25196180555555553 0.6547164351851851 0.08665509259259263 0.049710648148148094
1 0.51 0.6883854166666666 0.09297453703703695 0.05449074074074076
1 0.5313425925925925 0.7239988425925926 0.0898032407407408 0.05131944444444443
1 0.6913078703703703 0.6817939814814815 0.10552083333333329 0.057800925925925915
1 0.833767361111111 0.6086053240740741 0.09614583333333329 0.057662037037037095
1 0.7304282407407408 0.7827546296296296 0.09924768518518512 0.05614583333333343
1 0.77609375 0.8109780092592592 0.09299768518518511 0.056053240740740765
1 0.8446932870370369 0.18744212962962964 0.11032407407407412 0.06568287037037042
1 0.8317766203703704 0.7429803240740741 0.11340277777777778 0.06260416666666657
1 0.8530381944444445 0.7840624999999999 0.09302083333333329 0.05761574074074076