0 0.21586226851851853 0.7843229166666668 0.044351851851851795 0.0841666666666665
1 0.43012152777777785 0.19265624999999997 0.046076388888888785 0.10614583333333334
1 0.36703125 0.31963541666666667 0.052291666666666715 0.10187499999999998
1 0.29098379629629634 0.27864583333333337 0.046203703703703705 0.12333333333333334
1 0.16490162037037037 0.22963541666666668 0.039710648148148134 0.0901041666666667
1 0.3744791666666667 0.5871875 0.039710648148148134 0.09010416666666679
1 0.3443981481481481 0.6375 0.04439814814814813 0.09041666666666667
1 0.33912037037037035 0.5575 0.041319444444444464 0.09645833333333335
1 0.33054398148148145 0.4538541666666667 0.04135416666666671 0.10114583333333335
1 0.30277777777777776 0.6058333333333333 0.039733796296296295 0.09322916666666678
1 0.29974537037037036 0.5127083333333333 0.0413657407407408 0.10270833333333336
1 0.27969328703703705 0.6519270833333334 0.047523148148148134 0.090625
1 0.26001157407407405 0.7357291666666667 0.04612268518518512 0.11239583333333343
1 0.2603472222222222 0.5702083333333333 0.04437499999999996 0.08729166666666668
1 0.18842592592592594 0.45375 0.04136574074074075 0.10270833333333336