1 0.22526041666666669 0.18874421296296298 0.042476851851851904 0.09450231481481479
1 0.3720775462962963 0.19588541666666665 0.047222222222222145 0.09634259259259256
0 0.21793981481481478 0.6014641203703703 0.0549768518518519 0.0952430555555555
1 0.4530671296296296 0.23576388888888888 0.04733796296296298 0.09946759259259261
1 0.4103298611111111 0.3026099537037037 0.0484375 0.08706018518518518
1 0.3545138888888889 0.3109953703703704 0.0390625 0.08650462962962964
1 0.22326388888888887 0.32426504629629627 0.050115740740740745 0.09027777777777776
1 0.23764467592592595 0.43892939814814813 0.055034722222222145 0.0968055555555555
1 0.3901909722222222 0.453425925925926 0.0471643518518519 0.09478009259259253
1 0.49334490740740744 0.41822337962962963 0.040740740740740834 0.08972222222222222
1 0.2502604166666667 0.5480324074074074 0.05341435185185191 0.09515046296296284
1 0.35321180555555554 0.6336458333333332 0.04745370370370363 0.10259259259259253
1 0.4138310185185185 0.7970428240740741 0.04756944444444446 0.10571759259259253
1 0.2271122685185185 0.8070254629629631 0.0471643518518519 0.09478009259259253