0 0.50359375 0.6777951388888889 0.1003587962962964 0.0714930555555556
1 0.7096875 0.6446701388888888 0.09214120370370367 0.06333333333333328
1 0.6382175925925926 0.6336631944444444 0.09847222222222207 0.06517361111111111
1 0.569068287037037 0.8044270833333332 0.09526620370370367 0.06347222222222229
1 0.6214409722222223 0.8968055555555555 0.09863425925925924 0.06829861111111128
1 0.5521527777777778 0.8890277777777778 0.10175925925925924 0.06843749999999993
1 0.5097685185185185 0.7399305555555555 0.09847222222222207 0.06517361111111111
1 0.4446006944444445 0.8490104166666667 0.09542824074074083 0.06659722222222228
1 0.41465856481481483 0.7317881944444444 0.10496527777777764 0.07013888888888893
1 0.35694444444444445 0.8028298611111111 0.09863425925925924 0.06829861111111094
1 0.34489583333333335 0.748263888888889 0.11129629629629623 0.07197916666666657
1 0.3030787037037037 0.6939409722222223 0.1113773148148148 0.07354166666666657
1 0.20439814814814813 0.7999652777777777 0.10504629629629632 0.07170138888888893
1 0.17086805555555556 0.7217361111111111 0.1145833333333333 0.07524305555555558
1 0.07679398148148148 0.7238194444444443 0.10989583333333333 0.07503472222222207