1 0.7397569444444445 0.8453819444444445 0.09923611111111122 0.05527777777777772
1 0.7703993055555556 0.701388888888889 0.10256944444444435 0.06003472222222221
0 0.32913194444444444 0.7940277777777778 0.10135416666666668 0.06781249999999997
1 0.7514930555555556 0.6165104166666666 0.10569444444444454 0.060104166666666715
1 0.6741840277777778 0.6492013888888889 0.09319444444444436 0.059826388888888894
1 0.6515104166666668 0.701875 0.09121527777777771 0.050416666666666644
1 0.6044444444444445 0.828298611111111 0.09638888888888886 0.06145833333333357
1 0.49475694444444446 0.7977083333333332 0.10291666666666668 0.06784722222222221
1 0.5202083333333333 0.64734375 0.10100694444444436 0.05999999999999996
1 0.5815451388888888 0.5517361111111111 0.09440972222222221 0.05204861111111114
1 0.3903993055555556 0.7703645833333332 0.10128472222222218 0.06625000000000014
1 0.33208333333333334 0.6572395833333333 0.10888888888888885 0.061736111111111214
1 0.18559027777777778 0.575 0.1120138888888889 0.06180555555555554
1 0.1275 0.7559201388888889 0.09937500000000003 0.05840277777777771