0 0.59734375 0.6668576388888889 0.1155555555555555 0.06972222222222228
1 0.18901041666666668 0.4938020833333333 0.12336805555555559 0.06989583333333335
1 0.1891840277777778 0.5367534722222222 0.11878472222222225 0.07447916666666679
1 0.19272569444444443 0.5907118055555556 0.11072916666666668 0.06336805555555554
1 0.50671875 0.629704861111111 0.10760416666666668 0.06329861111111121
1 0.4325520833333333 0.6303993055555556 0.11253472222222224 0.07434027777777778
1 0.34661458333333334 0.6284895833333334 0.10930555555555559 0.06958333333333329
1 0.24765625 0.6731423611111111 0.11239583333333333 0.06809027777777779
1 0.6860937500000001 0.7250520833333333 0.11072916666666668 0.06336805555555572
1 0.7045312499999999 0.7816840277777778 0.10288194444444443 0.06163194444444446
1 0.57109375 0.7857465277777778 0.10298611111111118 0.06631944444444446