1 0.3897569444444444 0.7346527777777778 0.09965277777777777 0.05118055555555543
1 0.3104282407407407 0.7178125 0.08696759259259261 0.04750000000000014
1 0.21158564814814812 0.6360416666666666 0.09459490740740736 0.04472222222222229
1 0.2125347222222222 0.5991840277777778 0.09321759259259262 0.04777777777777779
1 0.23374999999999999 0.5606423611111111 0.08706018518518518 0.04906250000000014
1 0.2324016203703704 0.5246701388888889 0.08834490740740737 0.04444444444444447
1 0.3415798611111111 0.5957986111111111 0.09018518518518519 0.04920138888888879
1 0.35310763888888885 0.4730902777777778 0.0995601851851852 0.04961805555555561
1 0.35832754629629626 0.42899305555555556 0.09083333333333332 0.060138888888888964
1 0.7382581018518518 0.6541493055555556 0.1046180555555555 0.056076388888888926
1 0.8015625 0.5988541666666667 0.10608796296296283 0.05458333333333343
0 0.48534143518518513 0.6160416666666666 0.09827546296296283 0.05423611111111111