0 0.5365104166666667 0.8234375 0.05760416666666668 0.1140625
1 0.5498958333333334 0.5171875 0.054895833333333324 0.096875
1 0.618125 0.23203125 0.051041666666666784 0.0859375
1 0.6454166666666667 0.80703125 0.06062499999999993 0.1125
1 0.6946354166666667 0.725 0.06125000000000007 0.0984375
1 0.78515625 0.7734375 0.05874999999999986 0.1078125
1 0.7612500000000001 0.6515625 0.051458333333333425 0.0921875
1 0.7952083333333333 0.5171875 0.052291666666666715 0.1046875
1 0.7722916666666666 0.4390625 0.049687499999999926 0.0890625
1 0.7618229166666668 0.3265625 0.057916666666666575 0.0953125
1 0.766875 0.18046875 0.05166666666666657 0.0953125