0 0.7030555555555555 0.5703125 0.04440972222222221 0.10281249999999993
1 0.47934027777777777 0.19187499999999996 0.04746527777777772 0.09989583333333334
1 0.7048263888888889 0.26385416666666667 0.049131944444444464 0.1046875
1 0.6213020833333334 0.3316145833333334 0.045902777777777716 0.09979166666666668
1 0.7961284722222223 0.47588541666666667 0.04892361111111114 0.0953125
1 0.6411284722222221 0.5919270833333334 0.04111111111111114 0.09479166666666679
1 0.6741840277777778 0.64015625 0.04107638888888889 0.09322916666666661
1 0.7100347222222222 0.7439583333333333 0.040868055555555574 0.0838541666666666
1 0.7646354166666667 0.7788020833333332 0.05354166666666664 0.09250000000000007
1 0.6248437499999999 0.8069270833333334 0.04121527777777771 0.09947916666666642
1 0.3174479166666667 0.7700520833333334 0.04437499999999996 0.10124999999999992
1 0.23956597222222223 0.6704687500000001 0.04756944444444446 0.10458333333333343