0 0.588298611111111 0.5087152777777778 0.09451388888888879 0.05711805555555553
1 0.24700810185185187 0.2695486111111111 0.09138888888888896 0.056932870370370384
1 0.5430671296296297 0.2894386574074074 0.0850462962962963 0.05031249999999998
1 0.6534375000000001 0.3342939814814815 0.10699074074074062 0.05629629629629633
1 0.4561805555555555 0.3484085648148148 0.09915509259259245 0.05427083333333336
1 0.37673032407407403 0.38045138888888885 0.10381944444444446 0.05298611111111118
1 0.685636574074074 0.3776446759259259 0.10388888888888878 0.057673611111111175
1 0.5940451388888889 0.38472800925925926 0.11958333333333329 0.06328703703703695
1 0.46554976851851854 0.4021354166666667 0.11636574074074062 0.0568518518518518
1 0.639699074074074 0.4171469907407407 0.10398148148148145 0.06392361111111118
1 0.5372743055555556 0.41655092592592596 0.09920138888888896 0.057395833333333354
1 0.8051967592592593 0.4355555555555556 0.09929398148148146 0.06364583333333336
1 0.56796875 0.45590277777777777 0.08821759259259263 0.053622685185185225
1 0.40432870370370366 0.47044560185185186 0.09138888888888896 0.056932870370370384
1 0.2917013888888889 0.4723726851851852 0.09129629629629629 0.05068287037037038
1 0.22509259259259257 0.5348900462962962 0.1023726851851852 0.06070601851851851