0 0.7052372685185185 0.46004050925925927 0.06563657407407408 0.11099537037037041
1 0.3787152777777778 0.22300347222222222 0.0752199074074074 0.1257523148148148
1 0.36733796296296295 0.29971064814814813 0.06878472222222216 0.11278935185185182
1 0.34518518518518515 0.38816550925925924 0.06074074074074076 0.0965856481481481
1 0.33445023148148145 0.4554398148148149 0.05743055555555561 0.08385416666666679
1 0.3176967592592593 0.5388020833333333 0.06234953703703701 0.09982638888888892
1 0.3555034722222222 0.5039351851851851 0.06862268518518518 0.1018518518518519
1 0.3685590277777778 0.4349247685185185 0.04945601851851844 0.07233796296296298
1 0.3875868055555555 0.3467013888888889 0.06876157407407409 0.11122685185185181
1 0.4052372685185185 0.27109375 0.07025462962962958 0.10665509259259257
1 0.43088541666666663 0.31299189814814815 0.0720949074074074 0.1255208333333333
1 0.41331597222222227 0.394068287037037 0.0622106481481481 0.09045138888888893
1 0.3911516203703703 0.4817418981481481 0.060694444444444426 0.0934606481481481
1 0.45123842592592595 0.36701388888888886 0.0622106481481481 0.09045138888888885
1 0.4335300925925926 0.43871527777777775 0.06405092592592591 0.10931712962962958
1 0.47533564814814816 0.4098090277777778 0.06696759259259259 0.09548611111111108