0 0.22765624999999998 0.7014409722222222 0.05423611111111111 0.09753472222222222
1 0.45902777777777787 0.6762847222222221 0.05124999999999993 0.10052083333333321
1 0.5652083333333333 0.17684027777777778 0.045069444444444426 0.10180555555555557
1 0.5198263888888889 0.17729166666666668 0.04756944444444446 0.08788194444444448
1 0.47006944444444443 0.18498263888888888 0.041319444444444464 0.08760416666666666
1 0.43967013888888895 0.18789930555555553 0.047986111111111104 0.09725694444444444
1 0.3948090277777777 0.16484375 0.04513888888888893 0.10336805555555557
1 0.3596875 0.1671875 0.04805555555555561 0.09881944444444449
1 0.40121527777777777 0.29137152777777775 0.047847222222222284 0.0941319444444444
1 0.28022569444444445 0.2638715277777778 0.047986111111111104 0.0972569444444444
1 0.2670486111111111 0.33725694444444443 0.051180555555555604 0.0989583333333334