0 0.6791550925925927 0.5276331018518519 0.056238425925925914 0.10752314814814809
1 0.2812673611111111 0.6692650462962962 0.06423611111111108 0.12042824074074084
1 0.29800347222222223 0.5934548611111111 0.05936342592592592 0.10768518518518526
1 0.31026041666666665 0.5038252314814815 0.052881944444444426 0.0917361111111111
1 0.3252951388888889 0.4374710648148149 0.051134259259259275 0.07915509259259253
1 0.3405960648148148 0.3531481481481481 0.05449074074074076 0.0949421296296296
1 0.3633738425925926 0.3964641203703704 0.06076388888888893 0.09682870370370367
1 0.34986689814814814 0.4650810185185185 0.043182870370370365 0.06937499999999996
1 0.3352777777777778 0.554050925925926 0.05934027777777775 0.10612268518518526
1 0.3239988425925926 0.6303587962962963 0.060856481481481504 0.10307870370370367
1 0.36430555555555555 0.5970428240740742 0.061111111111111074 0.12026620370370367
1 0.37722800925925926 0.5151851851851852 0.05591435185185194 0.0856481481481481
1 0.38947337962962963 0.42633680555555553 0.05283564814814819 0.08861111111111111
1 0.4032465277777778 0.5505266203703704 0.055914351851851764 0.0856481481481481
1 0.41368634259259257 0.4781655092592592 0.056215277777777926 0.1059606481481481
1 0.44200231481481483 0.5165104166666666 0.059108796296296263 0.09049768518518526