0 0.38576967592592587 0.40076388888888886 0.09915509259259263 0.05354166666666664
1 0.645931712962963 0.2555381944444444 0.09915509259259245 0.05354166666666664
1 0.7967708333333333 0.36500000000000005 0.09437499999999996 0.04704861111111107
1 0.8087384259259259 0.4015856481481482 0.10071759259259246 0.053622685185185225
1 0.7784259259259259 0.44223379629629633 0.09906249999999997 0.04729166666666664
1 0.7778935185185185 0.47817129629629634 0.09589120370370381 0.04400462962962948
1 0.7912384259259259 0.527337962962963 0.08339120370370381 0.043356481481481524
1 0.8023090277777778 0.5716956018518518 0.08973379629629648 0.0499305555555555
1 0.5103472222222222 0.5940856481481481 0.09756944444444446 0.05189814814814806
1 0.2593344907407408 0.5967071759259259 0.10701388888888888 0.05707175925925938
1 0.6710648148148148 0.4061747685185185 0.08968749999999996 0.0468055555555555