0 0.3359953703703703 0.6759027777777777 0.06342592592592596 0.10020833333333332
1 0.1795138888888889 0.6697685185185185 0.06209490740740744 0.10324074074074083
1 0.23191550925925924 0.6932754629629629 0.06927083333333331 0.11611111111111114
1 0.3597222222222222 0.39796296296296296 0.06678240740740744 0.10351851851851848
1 0.41811342592592593 0.541880787037037 0.06788194444444447 0.09736111111111115
1 0.40870949074074076 0.6370543981481481 0.06209490740740744 0.10324074074074066
1 0.4252314814814815 0.7000231481481481 0.0668981481481481 0.10508101851851848
1 0.45763888888888893 0.6438773148148148 0.06475694444444428 0.09717592592592598
1 0.5217592592592593 0.2231655092592592 0.06927083333333339 0.11611111111111114
1 0.5679108796296296 0.11918402777777777 0.07216435185185191 0.1131712962962963
1 0.7600405092592593 0.38559027777777777 0.06990740740740745 0.10370370370370363
1 0.8324363425925926 0.36163194444444446 0.0668981481481481 0.10508101851851848
1 0.7307870370370371 0.6428009259259259 0.059837962962962975 0.09377314814814816