0 0.34594907407407405 0.4809722222222222 0.05353009259259256 0.09642361111111128
1 0.4502314814814815 0.27881944444444445 0.05173611111111107 0.09013888888888885
1 0.7859375 0.21437499999999998 0.06122685185185191 0.09347222222222218
1 0.7907118055555555 0.27515625000000005 0.05642361111111107 0.0902430555555556
1 0.7605613425925926 0.39369791666666665 0.05364583333333321 0.0995486111111111
1 0.7578414351851852 0.5303645833333333 0.058506944444444466 0.10434027777777785
1 0.7159722222222222 0.5227083333333333 0.05827546296296297 0.09809027777777786
1 0.5454282407407407 0.5538194444444444 0.055208333333333394 0.09958333333333336
1 0.68671875 0.6170312499999999 0.06307870370370364 0.10131944444444443
1 0.6123263888888889 0.707673611111111 0.05538194444444429 0.10427083333333335
1 0.693142361111111 0.6965104166666667 0.06348379629629619 0.11225694444444442
1 0.7605902777777778 0.7090624999999999 0.06828703703703702 0.115486111111111
1 0.7095775462962963 0.7796701388888889 0.06359953703703702 0.11538194444444443
1 0.3565393518518518 0.80625 0.06163194444444446 0.10440972222222236