1 0.7994965277777778 0.3810300925925926 0.050416666666666644 0.08107638888888893
1 0.7713020833333333 0.413744212962963 0.05347222222222214 0.07960648148148142
1 0.7988194444444444 0.45357060185185183 0.050555555555555645 0.08420138888888892
1 0.7469444444444445 0.445011574074074 0.05062500000000014 0.08576388888888893
1 0.7742534722222223 0.480150462962963 0.04552083333333332 0.07624999999999993
1 0.8041145833333333 0.5200462962962963 0.053750000000000145 0.08585648148148159
1 0.7173263888888889 0.4808043981481481 0.04756944444444446 0.08723379629629627
1 0.74875 0.5207465277777777 0.050555555555555645 0.08420138888888892
1 0.7792534722222222 0.5575405092592592 0.049131944444444464 0.08728009259259259
1 0.80765625 0.5997337962962963 0.052326388888888783 0.08893518518518526
1 0.6891666666666667 0.5142997685185186 0.05381944444444446 0.08741898148148142
1 0.7191666666666666 0.557320601851852 0.05395833333333329 0.0905439814814816
1 0.7503472222222223 0.5917939814814815 0.05395833333333329 0.0905439814814816
1 0.7794618055555554 0.6324479166666667 0.05559027777777779 0.09215277777777775
1 0.8109548611111113 0.6739525462962963 0.050833333333333286 0.09045138888888893
0 0.4334722222222222 0.4840972222222222 0.055659722222222284 0.09371527777777793