0 0.19848958333333333 0.6954282407407407 0.10638888888888891 0.07878472222222221
1 0.42729166666666674 0.5646527777777778 0.120173611111111 0.07326388888888893
1 0.23977430555555554 0.5370023148148148 0.1295486111111111 0.07375000000000007
1 0.5715625 0.6539756944444445 0.11215277777777785 0.06817129629629619
1 0.4345833333333333 0.6234895833333334 0.1234375 0.07655092592592591
1 0.32133680555555555 0.6183969907407407 0.10923611111111117 0.07269675925925938
1 0.6003472222222223 0.7053530092592593 0.10604166666666667 0.07097222222222221
1 0.4181944444444444 0.6756423611111111 0.1156944444444445 0.07770833333333335
1 0.5680381944444445 0.7325173611111111 0.09184027777777785 0.0671180555555555
1 0.4810416666666667 0.7217708333333334 0.106111111111111 0.07253472222222221
1 0.6138368055555555 0.7808796296296296 0.10427083333333335 0.06620370370370363
1 0.43930555555555556 0.7648148148148148 0.1108680555555555 0.07434027777777778