0 0.3505034722222222 0.3930034722222222 0.054027777777777786 0.10924768518518517
1 0.3897800925925926 0.8276446759259258 0.05451388888888884 0.1186226851851849
1 0.348119212962963 0.8162384259259259 0.05887731481481477 0.1125115740740739
1 0.2973263888888889 0.7998668981481482 0.0491782407407408 0.10598379629629626
1 0.3588020833333333 0.4894907407407407 0.04901620370370372 0.10285879629629627
1 0.3347627314814815 0.560763888888889 0.060115740740740706 0.10630787037037023
1 0.309375 0.6429513888888889 0.05526620370370372 0.1030439814814816
1 0.23538773148148148 0.7268287037037038 0.0538657407407408 0.10612268518518526
1 0.32275462962962964 0.29437499999999994 0.0491782407407408 0.10598379629629626
1 0.27359374999999997 0.2616203703703704 0.04877314814814815 0.09817129629629626
1 0.22784722222222223 0.38936921296296295 0.05337962962962965 0.09674768518518526