0 0.38457754629629626 0.6574016203703703 0.04554398148148149 0.09187499999999993
1 0.2304398148148148 0.6892824074074074 0.04415509259259256 0.09651620370370377
1 0.285474537037037 0.6993576388888889 0.04924768518518512 0.1075925925925926
1 0.35416666666666663 0.3828240740740741 0.04878472222222223 0.09509259259259259
1 0.4400752314814815 0.5074826388888889 0.05173611111111107 0.09049768518518526
1 0.44829282407407406 0.6016666666666667 0.04415509259259256 0.09651620370370377
1 0.4774016203703704 0.6585532407407407 0.048842592592592736 0.0966550925925926
1 0.49765625 0.5963020833333333 0.048553240740740834 0.0888425925925926
1 0.48046875 0.17539930555555555 0.04924768518518512 0.1075925925925926
1 0.5048900462962964 0.0638599537037037 0.05231481481481488 0.1061226851851852
1 0.7460358796296296 0.27444444444444444 0.05196759259259274 0.09674768518518517
1 0.8115451388888889 0.2334837962962963 0.04884259259259238 0.0966550925925926
1 0.766261574074074 0.5290335648148148 0.04375 0.08557870370370377