0 0.4453125 0.29765625 0.0984375 0.04921875
1 0.7078125 0.2578125 0.0875 0.04296875
1 0.71484375 0.31796875 0.0953125 0.0453125
1 0.39453125 0.36640625 0.10625 0.04453125
1 0.47578125 0.3828125 0.0984375 0.03828125
1 0.6875 0.43828125 0.08984375 0.040625
1 0.41953125 0.42734375 0.0953125 0.0390625
1 0.67109375 0.49609375 0.084375 0.04765625
1 0.61640625 0.5171875 0.0953125 0.04296875
1 0.184375 0.4828125 0.0953125 0.04296875
1 0.0734375 0.49921875 0.109375 0.0390625
1 0.290625 0.753125 0.10078125 0.04921875
1 0.5515625 0.78984375 0.08203125 0.03828125
1 0.24609375 0.8421875 0.09296875 0.05546875