0 0.6706944444444444 0.4323206018518519 0.06722222222222207 0.11087962962962976
1 0.3985763888888889 0.1425636574074074 0.06871527777777775 0.10943287037037037
1 0.6286284722222222 0.13486689814814815 0.07204861111111108 0.11435185185185186
1 0.5566666666666666 0.22974537037037032 0.06708333333333343 0.10775462962962959
1 0.7486284722222222 0.3081886574074074 0.07006944444444443 0.10486111111111107
1 0.6135243055555556 0.4747106481481481 0.06218749999999993 0.10271990740740726
1 0.6524131944444445 0.5107638888888889 0.06055555555555543 0.10104166666666678
1 0.7030381944444445 0.598119212962963 0.05857638888888879 0.09155092592592595
1 0.7607291666666667 0.6140914351851852 0.07305555555555561 0.10196759259259255
1 0.628125 0.6893229166666666 0.06239583333333343 0.10740740740740726
1 0.32210069444444445 0.7594907407407407 0.06715277777777776 0.10931712962962958
1 0.2325347222222222 0.6898148148148148 0.07048611111111107 0.11423611111111107