0 0.34053819444444444 0.5611747685185184 0.06951388888888896 0.10568287037037045
1 0.2751909722222222 0.26848958333333334 0.06951388888888896 0.10568287037037036
1 0.4214756944444445 0.1522974537037037 0.061562499999999964 0.09931712962962962
1 0.4597743055555556 0.15094907407407407 0.06954861111111121 0.10724537037037037
1 0.4893229166666666 0.19190393518518517 0.06322916666666671 0.10402777777777779
1 0.5234548611111112 0.20233217592592592 0.06003472222222221 0.10085648148148145
1 0.5741840277777778 0.20392361111111112 0.05663194444444457 0.08831018518518512
1 0.6194444444444445 0.20559606481481482 0.06461805555555564 0.09623842592592595
1 0.5583506944444444 0.49468750000000006 0.06791666666666671 0.10409722222222229
1 0.49045138888888895 0.738582175925926 0.07437499999999986 0.11356481481481495
1 0.4255381944444444 0.28578703703703706 0.06145833333333339 0.09462962962962962