0 0.23737268518518517 0.6683796296296296 0.1223958333333334 0.07744212962962962
1 0.5259548611111111 0.5557986111111111 0.10506944444444458 0.07173611111111118
1 0.8116087962962963 0.5028703703703703 0.09394675925925924 0.06483796296296304
1 0.28796875 0.7647743055555555 0.12248842592592588 0.08056712962962961
1 0.3799074074074074 0.7773263888888889 0.10681712962962955 0.07807870370370366
1 0.36345486111111114 0.8823900462962964 0.11614583333333331 0.07707175925925895
1 0.4692997685185185 0.8095949074074074 0.10024305555555557 0.06677083333333336
1 0.6039930555555555 0.7859606481481481 0.11127314814814823 0.0705439814814813
1 0.6689178240740741 0.732025462962963 0.09550925925925924 0.06493055555555553
1 0.7705613425925926 0.6759143518518519 0.10359953703703706 0.07476851851851851
1 0.9066724537037036 0.6208912037037038 0.10341435185185191 0.0685185185185185