0 0.6956597222222223 0.8292361111111111 0.10131944444444443 0.06011574074074062
1 0.6998611111111112 0.5964930555555557 0.10281249999999993 0.05700231481481488
1 0.2185416666666667 0.4140509259259259 0.10427083333333335 0.052326388888888964
1 0.21329861111111112 0.45931712962962956 0.09020833333333336 0.05222222222222221
1 0.21440972222222224 0.5093171296296296 0.09006944444444445 0.04597222222222221
1 0.21274305555555556 0.5397685185185186 0.09961805555555561 0.05385416666666672
1 0.18475694444444446 0.5809606481481481 0.10586805555555556 0.053900462962963046
1 0.18239583333333334 0.6153124999999999 0.10118055555555557 0.05386574074074062
1 0.31079861111111107 0.5936111111111111 0.09649305555555561 0.05383101851851855
1 0.26885416666666667 0.7096875 0.09961805555555561 0.05385416666666672
1 0.33968750000000003 0.7336458333333333 0.10125000000000002 0.05699074074074062