1 0.1876736111111111 0.2525752314814815 0.058333333333333307 0.0979166666666667
1 0.18473958333333332 0.31417824074074074 0.05493055555555557 0.08518518518518521
1 0.21177083333333332 0.43590856481481477 0.06003472222222221 0.10428240740740743
1 0.4926909722222222 0.5420138888888889 0.056805555555555644 0.09936342592592595
1 0.21578125000000004 0.5371527777777778 0.06145833333333339 0.0981481481481481
1 0.25276041666666665 0.5633680555555556 0.056770833333333395 0.09780092592592596
1 0.20776041666666667 0.6163773148148148 0.06312499999999996 0.10295138888888893
1 0.2664236111111111 0.652806712962963 0.060104166666666715 0.10740740740740744
1 0.20163194444444446 0.7513020833333334 0.05999999999999996 0.10271990740740726
1 0.23824652777777774 0.7939236111111112 0.060104166666666715 0.10740740740740744
1 0.24093749999999997 0.8841145833333333 0.06670138888888885 0.12349537037037024
1 0.8275694444444444 0.8258391203703704 0.06968749999999986 0.1174768518518519
1 0.4218229166666666 0.597019675925926 0.055173611111111145 0.09612268518518512
0 0.31538194444444445 0.7033854166666667 0.060104166666666715 0.10740740740740744