0 0.4515625 0.6152256944444444 0.06062499999999993 0.11564814814814817
1 0.361875 0.19799768518518518 0.05020833333333332 0.09946759259259261
1 0.514375 0.5601446759259259 0.053749999999999964 0.10590277777777786
1 0.5870833333333334 0.4033159722222222 0.05552083333333328 0.10912037037037034
1 0.5802604166666667 0.5290046296296296 0.06177083333333329 0.10949074074074083
1 0.5872916666666667 0.6453125 0.06666666666666661 0.11289351851851848
1 0.6364583333333333 0.35136574074074073 0.05645833333333332 0.09983796296296292
1 0.6319270833333334 0.5477314814814814 0.05656250000000007 0.10140046296296283
1 0.6685416666666667 0.3953761574074074 0.05718750000000004 0.0874305555555556
1 0.66859375 0.4763020833333334 0.053750000000000145 0.10590277777777786
1 0.7092708333333333 0.3447164351851852 0.06531249999999993 0.1159259259259259
1 0.7219791666666667 0.5042650462962963 0.06281250000000008 0.10177083333333332