0 0.6205729166666666 0.4795138888888889 0.0702430555555555 0.10561342592592596
1 0.30755787037037036 0.7402777777777778 0.07856481481481481 0.12309027777777767
1 0.49733796296296295 0.7714988425925926 0.07203703703703698 0.11348379629629637
1 0.6035532407407407 0.7215856481481481 0.07005787037037034 0.09936342592592595
1 0.6535069444444443 0.6165219907407408 0.0735069444444445 0.11041666666666661
1 0.6498958333333332 0.7053530092592593 0.06707175925925916 0.10393518518518512
1 0.7147106481481481 0.5750868055555556 0.07015046296296301 0.10248842592592596
1 0.684050925925926 0.6465277777777778 0.07653935185185183 0.10740740740740744
1 0.7039409722222223 0.712037037037037 0.07653935185185183 0.10740740740740744
1 0.7858043981481482 0.6830729166666666 0.07810185185185184 0.10746527777777785
1 0.7825347222222222 0.33567708333333335 0.0752083333333335 0.11516203703703702