0 0.6359375 0.50546875 0.0390625 0.08984375
1 0.56484375 0.2953125 0.0390625 0.08515625
1 0.240625 0.1984375 0.04765625 0.08828125
1 0.22578125 0.2578125 0.04453125 0.08359375
1 0.23671875 0.378125 0.0390625 0.09375
1 0.21796875 0.51328125 0.04375 0.0984375
1 0.2609375 0.51015625 0.04453125 0.0921875
1 0.42578125 0.5578125 0.040625 0.09375
1 0.275 0.60625 0.0484375 0.0953125
1 0.33515625 0.703125 0.04140625 0.0984375
1 0.25625 0.684375 0.04609375 0.10625
1 0.18671875 0.68984375 0.0515625 0.1078125
1 0.2265625 0.76484375 0.046875 0.11015625
1 0.57421875 0.8265625 0.04609375 0.0984375