0 0.3202372685185185 0.4831712962962963 0.06596064814814814 0.10048611111111114
1 0.7366261574074073 0.7929050925925927 0.06932870370370381 0.10535879629629612
1 0.5492476851851851 0.7841377314814816 0.06504629629629619 0.11289351851851848
1 0.33882523148148147 0.3760127314814815 0.0750694444444445 0.12594907407407413
1 0.44016203703703705 0.7231539351851852 0.06299768518518523 0.10342592592592581
1 0.3922743055555556 0.7008449074074073 0.0680092592592593 0.1099537037037038
1 0.3651273148148148 0.5528124999999999 0.05971064814814815 0.10011574074074084
1 0.3525983796296296 0.6416377314814815 0.07466435185185186 0.11813657407407412
1 0.3244212962962963 0.5488425925925926 0.06504629629629637 0.11289351851851848
1 0.3362789351851852 0.6874016203703703 0.0688194444444444 0.1255787037037038
1 0.26072337962962966 0.6572222222222223 0.06520833333333335 0.11601851851851848