0 0.16640625 0.2609375 0.11484375 0.05390625
1 0.425 0.2640625 0.08984375 0.04453125
1 0.521875 0.31953125 0.0984375 0.0390625
1 0.334375 0.309375 0.10625 0.04921875
1 0.60625 0.346875 0.09296875 0.0453125
1 0.29921875 0.3578125 0.10625 0.0390625
1 0.4015625 0.3625 0.0875 0.034375
1 0.5109375 0.3671875 0.0984375 0.0390625
1 0.33984375 0.39296875 0.08984375 0.04921875
1 0.4578125 0.390625 0.10078125 0.04453125
1 0.42109375 0.43046875 0.09296875 0.04140625
1 0.60625 0.45078125 0.0984375 0.04140625
1 0.70625 0.45703125 0.08984375 0.0390625
1 0.2484375 0.840625 0.0984375 0.05390625