0 0.35546875 0.5046875 0.109375 0.0453125
1 0.7703125 0.35703125 0.09296875 0.03828125
1 0.4109375 0.56015625 0.10078125 0.040625
1 0.56796875 0.61171875 0.10390625 0.040625
1 0.44296875 0.621875 0.10390625 0.046875
1 0.3265625 0.6453125 0.10625 0.0515625
1 0.6203125 0.6546875 0.09296875 0.04296875
1 0.425 0.6765625 0.0953125 0.04296875
1 0.5765625 0.69296875 0.08203125 0.0453125
1 0.49609375 0.70390625 0.10078125 0.040625
1 0.628125 0.7265625 0.109375 0.04921875
1 0.46875 0.76171875 0.0953125 0.05078125