1 0.4251388888888889 0.21407407407407408 0.10131944444444443 0.060115740740740706
1 0.3438368055555555 0.21233217592592593 0.08868055555555561 0.05377314814814813
1 0.23182291666666668 0.2702025462962963 0.09649305555555551 0.05383101851851855
1 0.2255902777777778 0.3061921296296296 0.09496527777777777 0.05538194444444446
1 0.2382465277777778 0.348292824074074 0.08871527777777777 0.055335648148148134
1 0.23043402777777774 0.3835127314814815 0.09020833333333336 0.05222222222222221
1 0.35055555555555556 0.3388657407407408 0.09187500000000001 0.056921296296296296
1 0.33763888888888893 0.4608564814814814 0.10128472222222218 0.05855324074074062
1 0.33394097222222224 0.5054224537037036 0.0936805555555555 0.06787037037037039
1 0.7497743055555556 0.3710706018518518 0.10767361111111118 0.06484953703703714
1 0.8005208333333333 0.43945601851851845 0.107673611111111 0.06484953703703696
0 0.4946006944444445 0.3510821759259259 0.10138888888888893 0.06324074074074079