0 0.34296875 0.4150347222222222 0.0703125 0.115625
1 0.52109375 0.8102951388888888 0.0703125 0.125
1 0.478125 0.8128125 0.075 0.12041666666666657
1 0.42421875 0.8140104166666667 0.0640625 0.110798611111111
1 0.38203125 0.5024479166666667 0.0640625 0.10767361111111118
1 0.38203125 0.5774479166666667 0.075 0.11416666666666657
1 0.38515625 0.6625347222222222 0.0703125 0.109375
1 0.3421875 0.7650520833333333 0.06875 0.11246527777777793
1 0.28359375 0.33119791666666665 0.0640625 0.11079861111111108
1 0.2265625 0.3168402777777778 0.0625 0.10295138888888893
1 0.225 0.45125000000000004 0.0671875 0.1030555555555555