0 0.8231828703703703 0.6464583333333334 0.12447916666666678 0.07565972222222221
1 0.5261284722222221 0.5640972222222222 0.10701388888888878 0.07020833333333343
1 0.23728009259259258 0.5409027777777778 0.09570601851851848 0.06347222222222229
1 0.7814062500000001 0.7477951388888889 0.12466435185185176 0.07878472222222221
1 0.6910648148148149 0.7698263888888889 0.10894675925925927 0.07652777777777793
1 0.7167534722222222 0.8728645833333333 0.11822916666666661 0.07538194444444457
1 0.605005787037037 0.81125 0.10204861111111115 0.06531249999999993
1 0.4689236111111111 0.8016319444444445 0.1131712962962963 0.06892361111111107
1 0.39955439814814814 0.7545833333333334 0.09726851851851848 0.06354166666666661
1 0.29346643518518517 0.7091666666666667 0.10563657407407404 0.07326388888888893
1 0.15318865740740742 0.6684027777777778 0.10526620370370372 0.06701388888888893