1 0.67890625 0.1409664351851852 0.1 0.06324074074074071
1 0.73046875 0.4015046296296296 0.09375 0.058506944444444466
1 0.615625 0.23034143518518518 0.0921875 0.06162037037037038
1 0.55390625 0.17597800925925927 0.0953125 0.0616435185185185
1 0.51796875 0.28899305555555554 0.1015625 0.061689814814814795
1 0.4828125 0.3270138888888889 0.096875 0.058530092592592634
1 0.45859375 0.26355324074074077 0.0984375 0.06479166666666672
1 0.421875 0.3109375 0.103125 0.06326388888888887
1 0.40390625 0.21392939814814813 0.0953125 0.06164351851851855
1 0.3796875 0.28015625 0.103125 0.06326388888888897
1 0.334375 0.24310185185185187 0.115625 0.06804398148148146
1 0.34296875 0.3205092592592592 0.1109375 0.0664467592592592
1 0.31328125 0.3710706018518518 0.1140625 0.06334490740740736
1 0.11953125 0.2930729166666667 0.1140625 0.06959490740740737
1 0.0453125 0.24017939814814815 0.090625 0.0709837962962963
0 0.371875 0.3988483796296296 0.1015625 0.06325231481481489