1 0.801383101851852 0.7266319444444445 0.0815509259259258 0.04423611111111114
1 0.7773206018518518 0.6011805555555556 0.1049768518518519 0.04371527777777793
1 0.7372337962962963 0.7411979166666667 0.09563657407407397 0.047986111111111104
1 0.6154571759259259 0.7333333333333334 0.09247685185185191 0.04315972222222229
1 0.556712962962963 0.75625 0.0925578703703703 0.05409722222222228
1 0.4292824074074074 0.7736284722222222 0.10032407407407398 0.04819444444444443
1 0.4100694444444445 0.7315277777777778 0.09408564814814806 0.04947916666666678
1 0.3205497685185185 0.7972048611111111 0.09883101851851847 0.057499999999999926
1 0.6894733796296297 0.4410763888888889 0.09715277777777764 0.04180555555555561
1 0.4293807870370371 0.5494791666666666 0.09407407407407398 0.04791666666666679
1 0.4885069444444444 0.475 0.09563657407407415 0.047986111111111104
0 0.5896990740740741 0.4150520833333333 0.10030092592592581 0.045069444444444426