0 0.62578125 0.784375 0.11484375 0.04453125
1 0.16640625 0.57265625 0.109375 0.04921875
1 0.5625 0.62265625 0.0984375 0.040625
1 0.30078125 0.63515625 0.10390625 0.04453125
1 0.434375 0.66875 0.0984375 0.04453125
1 0.51328125 0.65703125 0.10390625 0.04765625
1 0.61484375 0.65546875 0.0984375 0.0453125
1 0.72421875 0.6625 0.0984375 0.059375
1 0.5734375 0.68984375 0.0875 0.04453125
1 0.25703125 0.71171875 0.10390625 0.04921875
1 0.4921875 0.70390625 0.09296875 0.04296875
1 0.621875 0.725 0.08984375 0.04140625
1 0.52578125 0.75078125 0.08984375 0.046875
1 0.44296875 0.809375 0.0875 0.04296875
1 0.22109375 0.83515625 0.10390625 0.04296875