0 0.29380208333333335 0.13759837962962965 0.07531249999999998 0.12237268518518518
1 0.24854166666666666 0.3948379629629629 0.06104166666666666 0.09571759259259256
1 0.2846354166666667 0.49764467592592593 0.05687499999999997 0.10349537037037031
1 0.3104166666666667 0.3100462962962963 0.06989583333333335 0.11140046296296298
1 0.29604166666666665 0.5842361111111111 0.06281249999999998 0.09885416666666665
1 0.3646875 0.28075231481481483 0.058958333333333356 0.11131944444444448
1 0.35010416666666666 0.3823726851851852 0.05135416666666668 0.09096064814814805
1 0.33421874999999995 0.49181134259259257 0.05687499999999997 0.10349537037037031
1 0.39140625 0.3250636574074074 0.06729166666666675 0.0957638888888889
1 0.36723958333333334 0.4415914351851852 0.06322916666666663 0.10510416666666664
1 0.4130729166666667 0.4100173611111112 0.05812500000000007 0.09881944444444457
1 0.3983333333333333 0.5959722222222222 0.05843749999999996 0.10350694444444439
1 0.38541666666666663 0.6960185185185186 0.056354166666666664 0.09568287037037031
1 0.8492708333333333 0.28575231481481483 0.07104166666666671 0.10516203703703705