1 0.6222106481481482 0.24769097222222225 0.10472222222222224 0.06545138888888893
0 0.5064930555555556 0.44065972222222227 0.10315972222222225 0.06538194444444442
1 0.6437152777777777 0.3011111111111111 0.10003472222222225 0.06524305555555561
1 0.3347569444444444 0.40013888888888893 0.10973379629629632 0.07190972222222225
1 0.049033564814814815 0.5100173611111111 0.09806712962962963 0.07055555555555557
1 0.15399884259259258 0.5487152777777778 0.10973379629629632 0.07190972222222207
1 0.5680844907407407 0.49116319444444445 0.08236111111111111 0.05510416666666664
1 0.5743287037037037 0.5368576388888888 0.0917361111111111 0.05552083333333328
1 0.30394097222222227 0.798125 0.11770833333333339 0.07538194444444439
1 0.2737731481481481 0.8664756944444445 0.09214120370370367 0.06333333333333328
1 0.561863425925926 0.7923611111111111 0.10792824074074084 0.06715277777777792