0 0.75703125 0.56640625 0.0875 0.046875
1 0.1109375 0.4703125 0.084375 0.0453125
1 0.1953125 0.5484375 0.1171875 0.04296875
1 0.24609375 0.64921875 0.0984375 0.053125
1 0.36484375 0.6546875 0.0953125 0.04296875
1 0.4484375 0.7453125 0.0875 0.04765625
1 0.6078125 0.7578125 0.08984375 0.040625
1 0.740625 0.721875 0.09296875 0.0390625
1 0.4984375 0.6234375 0.084375 0.040625
1 0.62734375 0.6140625 0.0953125 0.0453125
1 0.5671875 0.653125 0.08984375 0.04296875
1 0.70625 0.66875 0.07890625 0.0390625
1 0.77421875 0.64375 0.08984375 0.0390625