0 0.7342071759259259 0.5302025462962963 0.065763888888889 0.11089120370370367
1 0.405625 0.5076793981481481 0.05168981481481474 0.08368055555555554
1 0.3761805555555556 0.47559027777777774 0.0552777777777778 0.09165509259259252
1 0.37127314814814816 0.5584027777777778 0.06189814814814811 0.09822916666666667
1 0.33449074074074076 0.5972453703703703 0.05481481481481483 0.08384259259259252
1 0.3402199074074074 0.5270138888888889 0.0533449074074074 0.08532407407407412
1 0.35078125 0.4413599537037037 0.06079861111111109 0.1059606481481481
1 0.31756944444444446 0.40672453703703704 0.0721064814814815 0.11277777777777782
1 0.313125 0.48172453703703705 0.05546296296296296 0.09478009259259253
1 0.30440393518518516 0.5627719907407407 0.06493055555555553 0.09682870370370367
1 0.29715856481481484 0.6321412037037037 0.061712962962962956 0.09510416666666668
1 0.2929571759259259 0.35921296296296296 0.0587731481481482 0.0980671296296296
1 0.2864872685185185 0.4419444444444444 0.06630787037037038 0.09378472222222226
1 0.27505208333333336 0.5291203703703704 0.057754629629629586 0.08087962962962969
1 0.2702430555555556 0.5970486111111111 0.0618981481481482 0.0982291666666665
1 0.26409722222222226 0.6743113425925926 0.06318287037037038 0.09362268518518527