0 0.26359953703703703 0.3223958333333333 0.06984953703703703 0.12256944444444447
1 0.43637152777777777 0.804050925925926 0.07575231481481488 0.11811342592592596
1 0.4192997685185185 0.40436921296296297 0.06388888888888893 0.10520833333333321
1 0.3852141203703704 0.6633680555555556 0.06747685185185182 0.11157407407407405
1 0.3633101851851852 0.5263020833333333 0.06712962962962958 0.10688657407407405
1 0.38113425925925926 0.4496527777777778 0.0706018518518519 0.11168981481481488
1 0.39091435185185186 0.34901620370370373 0.06712962962962968 0.10688657407407405
1 0.39296875 0.23926504629629627 0.08130787037037042 0.10896990740740745
1 0.35367476851851853 0.38564814814814813 0.06319444444444447 0.0958333333333333
1 0.3054976851851852 0.69765625 0.0737268518518519 0.11180555555555553
1 0.3328993055555555 0.4647569444444445 0.06521990740740743 0.1021412037037038
1 0.3223958333333333 0.3335358796296296 0.06174768518518521 0.09733796296296297
1 0.2884837962962963 0.4256655092592593 0.06811342592592595 0.09913194444444447
1 0.22277199074074075 0.5009548611111111 0.06319444444444447 0.09583333333333321
1 0.17853009259259262 0.7180266203703705 0.06747685185185182 0.11157407407407405