0 0.619832175925926 0.564236111111111 0.04965277777777786 0.09722222222222214
1 0.5738773148148149 0.3447337962962963 0.04946759259259252 0.09097222222222215
1 0.26271412037037034 0.19719328703703703 0.05737268518518519 0.09467592592592596
1 0.2406886574074074 0.2535011574074074 0.054155092592592616 0.09131944444444447
1 0.23790509259259257 0.37387152777777777 0.04974537037037034 0.10034722222222232
1 0.2035011574074074 0.5044270833333333 0.05457175925925926 0.10538194444444446
1 0.24644675925925927 0.5083912037037037 0.05438657407407401 0.09913194444444447
1 0.40477430555555555 0.5819733796296296 0.051307870370370344 0.10046296296296298
1 0.24904513888888888 0.6056712962962963 0.05916666666666668 0.10260416666666679
1 0.29757523148148146 0.7118344907407408 0.051446759259259255 0.10515046296296297
1 0.22177662037037038 0.6803819444444444 0.05949074074074075 0.11354166666666679
1 0.15148726851851851 0.6743923611111111 0.06427083333333332 0.11701388888888893
1 0.18276620370370372 0.755005787037037 0.05958333333333332 0.11666666666666678
1 0.5206597222222221 0.8724247685185185 0.05769675925925917 0.10561342592592596