0 0.6113368055555556 0.5731539351851852 0.09725694444444458 0.048692129629629474
1 0.4645833333333334 0.5604976851851852 0.08611111111111107 0.04343749999999993
1 0.7386979166666666 0.5836979166666667 0.09725694444444458 0.048692129629629655
1 0.36529513888888887 0.6724305555555555 0.0957638888888889 0.05017361111111107
1 0.5533680555555556 0.6673553240740742 0.09583333333333321 0.05173611111111107
1 0.4372222222222222 0.6850694444444445 0.09243055555555557 0.045324074074074086
1 0.5957986111111111 0.6947743055555555 0.09597222222222221 0.05486111111111107
1 0.6796354166666667 0.7551215277777777 0.09739583333333321 0.05181712962962966
1 0.5503472222222222 0.7703993055555556 0.0972569444444444 0.048692129629629655
1 0.4338541666666667 0.7257754629629629 0.1003819444444444 0.04885416666666664
1 0.36559027777777775 0.7885532407407407 0.08951388888888889 0.049849537037037095