0 0.45882523148148147 0.6162847222222222 0.10028935185185191 0.05437499999999993
1 0.7787615740740741 0.36765625 0.11765046296296297 0.059826388888888894
1 0.7732928240740741 0.5569444444444445 0.10815972222222214 0.05628472222222225
1 0.7034143518518519 0.6497743055555556 0.09253472222222214 0.05559027777777779
1 0.5897569444444445 0.6767013888888889 0.10353009259259256 0.05763888888888893
1 0.678443287037037 0.6915625000000001 0.09861111111111107 0.05118055555555543
1 0.536255787037037 0.7273611111111111 0.09565972222222215 0.05572916666666661
1 0.6136863425925926 0.7120833333333334 0.10052083333333321 0.06062499999999993
1 0.6749421296296296 0.7444444444444445 0.10052083333333321 0.06062499999999993
1 0.6300925925925925 0.818107638888889 0.10057870370370381 0.062187500000000284
1 0.28567708333333336 0.7427430555555555 0.10827546296296298 0.05940972222222225