1 0.23469907407407406 0.3203125 0.0509606481481482 0.09699074074074074
0 0.3980555555555556 0.47042824074074074 0.050868055555555534 0.09542824074074066
1 0.2916898148148148 0.30989583333333337 0.05068287037037038 0.09230324074074074
1 0.3196296296296296 0.6311631944444445 0.057488425925925936 0.10190972222222214
1 0.36159143518518516 0.9404224537037038 0.054641203703703664 0.10648148148148166
1 0.4249189814814815 0.8362847222222222 0.057488425925925846 0.10190972222222214
1 0.4604861111111111 0.4210648148148149 0.04341435185185176 0.07488425925925916
1 0.5065335648148148 0.42355324074074074 0.04250000000000007 0.08576388888888893
1 0.7016666666666667 0.7377025462962963 0.059513888888888825 0.10978009259259255
1 0.7617129629629631 0.781423611111111 0.05168981481481474 0.08298611111111107
1 0.7542592592592593 0.4844039351851851 0.051145833333333356 0.10011574074074084