0 0.74609375 0.767332175925926 0.11649305555555571 0.05109953703703703
1 0.1997511574074074 0.37450810185185185 0.11024305555555558 0.050868055555555534
1 0.2110011574074074 0.565133101851852 0.12446759259259262 0.05451388888888893
1 0.30255787037037035 0.6561921296296296 0.11008101851851855 0.04774305555555571
1 0.4250231481481482 0.679513888888889 0.09141203703703696 0.04861111111111107
1 0.3280381944444445 0.693142361111111 0.09906249999999997 0.045775462962962976
1 0.3894444444444445 0.716550925925926 0.08548611111111111 0.054629629629629764
1 0.4766608796296296 0.7252604166666666 0.1073611111111111 0.05543981481481488
1 0.3510243055555556 0.7480034722222222 0.1026736111111111 0.05526620370370363
1 0.39207175925925924 0.8168402777777779 0.10251157407407412 0.05214120370370381
1 0.5699537037037037 0.828125 0.1026736111111111 0.05526620370370381