1 0.21875 0.17578125 0.0390625 0.0921875
1 0.365625 0.17421875 0.04296875 0.09375
0 0.19609375 0.58984375 0.0515625 0.0921875
1 0.4453125 0.209375 0.04375 0.096875
1 0.4 0.27890625 0.0453125 0.08515625
1 0.34375 0.290625 0.0359375 0.08359375
1 0.21171875 0.31171875 0.04609375 0.08828125
1 0.221875 0.42578125 0.0515625 0.09375
1 0.37421875 0.43125 0.04453125 0.0921875
1 0.47890625 0.38984375 0.0375 0.08828125
1 0.23046875 0.534375 0.05 0.0921875
1 0.33046875 0.6140625 0.04453125 0.1
1 0.38515625 0.77421875 0.04296875 0.103125
1 0.19765625 0.7953125 0.04296875 0.0921875