0 0.45390625 0.240625 0.10390625 0.0453125
1 0.49453125 0.5671875 0.0765625 0.0359375
1 0.46875 0.60234375 0.084375 0.0390625
1 0.55078125 0.590625 0.08984375 0.04296875
1 0.5953125 0.61953125 0.0765625 0.0390625
1 0.52578125 0.62734375 0.07890625 0.03828125
1 0.43984375 0.63359375 0.0984375 0.040625
1 0.4125 0.6734375 0.10390625 0.0515625
1 0.48671875 0.6625 0.0875 0.03671875
1 0.56796875 0.65546875 0.0875 0.046875
1 0.63671875 0.64921875 0.0875 0.04453125
1 0.3703125 0.70703125 0.08984375 0.04140625
1 0.45234375 0.696875 0.084375 0.04921875
1 0.53984375 0.690625 0.0734375 0.04453125
1 0.6078125 0.68203125 0.08984375 0.04453125
1 0.684375 0.67265625 0.084375 0.046875