1 0.6077256944444445 0.7198032407407408 0.09562500000000007 0.04774305555555554
1 0.6873611111111111 0.6987210648148148 0.08298611111111107 0.04387731481481474
1 0.7893749999999999 0.6124189814814816 0.09222222222222225 0.041307870370370384
1 0.7894444444444444 0.5757928240740741 0.08923611111111107 0.04424768518518522
1 0.7700868055555554 0.537980324074074 0.08305555555555558 0.04543981481481474
1 0.7724652777777778 0.5019965277777778 0.08597222222222226 0.04093750000000007
1 0.6615277777777778 0.5786979166666667 0.08618055555555557 0.04562500000000007
1 0.6544791666666667 0.4567824074074074 0.09555555555555557 0.04618055555555554
1 0.6509895833333333 0.41257523148148145 0.08822916666666672 0.056655092592592736
1 0.26296875000000003 0.6576388888888889 0.10052083333333339 0.05270833333333336
1 0.20218750000000002 0.6051388888888889 0.10201388888888889 0.05123842592592585
0 0.5169444444444444 0.6059664351851852 0.09420138888888889 0.05077546296296305