0 0.5986458333333333 0.5429918981481482 0.057916666666666575 0.09684027777777775
1 0.5725520833333333 0.32381944444444444 0.05593749999999993 0.0905439814814815
1 0.27411458333333333 0.1740740740740741 0.065625 0.09550925925925924
1 0.24770833333333334 0.22965277777777776 0.06062500000000002 0.09068287037037041
1 0.23338541666666668 0.3505613425925926 0.05812500000000007 0.09996527777777775
1 0.18713541666666667 0.4807002314814815 0.06312500000000001 0.10479166666666657
1 0.2299479166666667 0.4843171296296296 0.06270833333333332 0.09854166666666657
1 0.38229166666666664 0.5592824074074074 0.059687499999999984 0.10001157407407409
1 0.22421875 0.5819965277777778 0.0677083333333333 0.10336805555555557
1 0.26338541666666665 0.6872685185185186 0.061562499999999964 0.10474537037037042
1 0.18958333333333335 0.6553356481481482 0.06843750000000001 0.11430555555555558
1 0.1203125 0.6493692129629629 0.07322916666666668 0.11600694444444457
1 0.14390624999999999 0.7299131944444445 0.06854166666666668 0.11586805555555557
1 0.4725520833333333 0.8492418981481482 0.06635416666666671 0.10644675925925924