0 0.7249131944444445 0.7927256944444444 0.05630787037037024 0.08672453703703695
1 0.6052372685185186 0.16593750000000002 0.06180555555555554 0.10866898148148149
1 0.6477719907407408 0.3035127314814815 0.06637731481481488 0.10561342592592596
1 0.728443287037037 0.27576967592592594 0.06400462962962958 0.12587962962962962
1 0.8590567129629629 0.2488483796296296 0.05341435185185191 0.0929282407407408
1 0.599681712962963 0.5689236111111111 0.05341435185185191 0.09292824074074062
1 0.6218460648148149 0.6240335648148149 0.058101851851851904 0.09299768518518511
1 0.6388310185185185 0.5449189814814815 0.055208333333333394 0.09920138888888878
1 0.6628761574074075 0.44383680555555555 0.05538194444444429 0.10388888888888896
1 0.6672453703703705 0.5999363425925927 0.05353009259259274 0.09605324074074062
1 0.6839409722222222 0.5075520833333333 0.05700231481481488 0.10547453703703695
1 0.6825810185185185 0.649681712962963 0.06122685185185191 0.09304398148148145
1 0.689525462962963 0.73625 0.06203703703703702 0.11491898148148146
1 0.713570601851852 0.5719212962962963 0.05642361111111107 0.08984953703703695
1 0.8017361111111111 0.46832754629629625 0.05700231481481488 0.10547453703703695