1 0.15016203703703704 0.2900173611111111 0.0879050925925926 0.05728009259259261
1 0.19536458333333334 0.40896412037037033 0.10979166666666665 0.05949074074074083
1 0.2112673611111111 0.26555555555555554 0.10200231481481481 0.06238425925925926
1 0.3332002314814815 0.2541319444444444 0.09728009259259256 0.05755787037037034
1 0.3881134259259259 0.22204282407407408 0.10048611111111114 0.06858796296296292
1 0.5117997685185185 0.18479166666666666 0.10670138888888889 0.06408564814814813
1 0.5380729166666667 0.2230671296296296 0.1004513888888889 0.063900462962963
1 0.6151967592592593 0.1450173611111111 0.1067592592592593 0.07189814814814817
1 0.31068865740740736 0.5516087962962963 0.10195601851851847 0.05613425925925917
1 0.5500057870370371 0.40470486111111115 0.10043981481481482 0.06233796296296301
1 0.5048784722222222 0.48649305555555566 0.10200231481481481 0.06238425925925917
0 0.4144965277777778 0.5618113425925926 0.10667824074074073 0.06096064814814817