1 0.16300347222222222 0.2309201388888889 0.05612268518518517 0.09728009259259256
1 0.3079398148148148 0.20464699074074075 0.060856481481481414 0.10043981481481482
0 0.20690393518518518 0.6430092592592592 0.06866898148148151 0.10049768518518505
1 0.39200231481481485 0.22636574074074076 0.06090277777777775 0.1035648148148148
1 0.3588368055555556 0.30269097222222224 0.060717592592592594 0.0910648148148148
1 0.30539930555555556 0.3233912037037037 0.05131944444444443 0.0894328703703704
1 0.1781886574074074 0.3662037037037037 0.06232638888888884 0.09420138888888889
1 0.20624421296296297 0.4765798611111111 0.06869212962962967 0.10206018518518523
1 0.35733796296296294 0.4566030092592593 0.06083333333333325 0.0988773148148148
1 0.4542997685185185 0.39872106481481484 0.05292824074074076 0.09256944444444448
1 0.23202546296296295 0.5822511574074074 0.0671064814814815 0.10048611111111114
1 0.3436226851851852 0.6440219907407407 0.06251157407407408 0.10670138888888889
1 0.4226736111111111 0.7930613425925925 0.06255787037037042 0.10982638888888889
1 0.24141782407407408 0.844849537037037 0.060833333333333336 0.0988773148148148