0 0.7703125 0.78984375 0.08203125 0.04296875
1 0.1640625 0.57109375 0.10390625 0.0453125
1 0.2953125 0.63515625 0.0984375 0.0515625
1 0.259375 0.7109375 0.1203125 0.0453125
1 0.21875 0.83671875 0.0875 0.0390625
1 0.5625 0.6296875 0.0875 0.0390625
1 0.61484375 0.66015625 0.0875 0.04453125
1 0.53515625 0.66484375 0.09296875 0.04140625
1 0.43203125 0.67265625 0.0984375 0.04140625
1 0.5859375 0.7015625 0.08984375 0.0390625
1 0.49296875 0.70390625 0.10078125 0.04140625
1 0.63359375 0.725 0.0875 0.046875
1 0.71875 0.7453125 0.109375 0.0453125
1 0.553125 0.74375 0.084375 0.04453125
1 0.44140625 0.81484375 0.10078125 0.04140625