1 0.5185416666666667 0.4839641203703704 0.0988773148148148 0.062291666666666676
1 0.570300925925926 0.40350694444444446 0.11293981481481481 0.06270833333333332
1 0.6183564814814815 0.13952546296296298 0.10673611111111114 0.06877314814814817
1 0.5400231481481482 0.21920717592592592 0.10047453703703688 0.06702546296296293
1 0.5116377314814815 0.18488425925925928 0.09888888888888889 0.06385416666666668
1 0.3868923611111111 0.22296296296296295 0.1035763888888889 0.0639930555555555
1 0.1569212962962963 0.2969791666666667 0.08788194444444448 0.054155092592592616
1 0.2145428240740741 0.26948495370370373 0.08790509259259256 0.05728009259259261
1 0.20310185185185184 0.41282407407407407 0.08790509259259256 0.05728009259259252
1 0.33244212962962966 0.25661458333333337 0.09731481481481481 0.06224537037037035
0 0.3079976851851852 0.5433391203703704 0.09105324074074073 0.06049768518518519