0 0.6671875 0.434375 0.040625 0.0984375
1 0.228125 0.38984375 0.046875 0.08203125
1 0.25625 0.41484375 0.04453125 0.08203125
1 0.2234375 0.4609375 0.040625 0.08203125
1 0.28984375 0.4390625 0.040625 0.08203125
1 0.2578125 0.48359375 0.04375 0.08203125
1 0.32265625 0.471875 0.04140625 0.08203125
1 0.35546875 0.51171875 0.04375 0.08515625
1 0.32265625 0.553125 0.04453125 0.08984375
1 0.2875 0.5171875 0.04375 0.08359375
1 0.2234375 0.5375 0.04296875 0.07890625
1 0.25546875 0.56328125 0.04296875 0.1
1 0.28828125 0.603125 0.046875 0.0953125
1 0.221875 0.61328125 0.04453125 0.08515625
1 0.25390625 0.6515625 0.046875 0.103125
1 0.21953125 0.70234375 0.046875 0.096875