0 0.375 0.5721354166666666 0.103125 0.059270833333333425
1 0.1890625 0.5130902777777777 0.0890625 0.05239583333333329
1 0.2015625 0.46677083333333336 0.0859375 0.05538194444444446
1 0.21953125 0.41991319444444447 0.0953125 0.05423611111111111
1 0.2171875 0.3846527777777778 0.0828125 0.050555555555555555
1 0.20078125 0.3425173611111111 0.1 0.05444444444444443
1 0.2140625 0.3048263888888889 0.0890625 0.05239583333333329
1 0.3203125 0.24548611111111113 0.0921875 0.0540972222222222
1 0.33515625 0.3734895833333333 0.0984375 0.057500000000000016
1 0.3984375 0.24739583333333331 0.0921875 0.06034722222222229
1 0.73125 0.395 0.096875 0.060555555555555605
1 0.790625 0.46482638888888894 0.1078125 0.06416666666666657