0 0.6015104166666667 0.35390625 0.056770833333333215 0.09375
1 0.5903125 0.1546875 0.047499999999999966 0.0984375
1 0.6315625 0.16171875 0.056909722222222216 0.1
1 0.6956597222222223 0.16015625 0.05999999999999996 0.0984375
1 0.67296875 0.2671875 0.057083333333333285 0.1078125
1 0.6935069444444444 0.3625 0.05697916666666671 0.103125
1 0.6635590277777779 0.44453125 0.053750000000000145 0.0984375
1 0.6153124999999999 0.47109375 0.053715277777777716 0.096875
1 0.7303645833333333 0.215625 0.052430555555555536 0.109375
1 0.7991840277777778 0.17734375 0.06180555555555571 0.109375
1 0.8446354166666667 0.17109375 0.05378472222222221 0.1