0 0.20300925925925925 0.305 0.07002314814814818 0.12312499999999993
1 0.7334201388888889 0.7806770833333333 0.06822916666666679 0.11677083333333335
1 0.5463252314814815 0.80015625 0.075 0.13125
1 0.43284143518518514 0.7240104166666667 0.06510416666666678 0.11656250000000004
1 0.3763310185185185 0.6080208333333333 0.06284722222222232 0.09770833333333329
1 0.3900752314814815 0.7055729166666667 0.061574074074074045 0.10541666666666671
1 0.3505497685185185 0.6483854166666667 0.06736111111111107 0.09333333333333335
1 0.31782407407407404 0.5643750000000001 0.07285879629629637 0.11552083333333343
1 0.3310763888888889 0.6907291666666666 0.0711226851851852 0.11072916666666668
1 0.25286458333333334 0.6621354166666666 0.0679976851851852 0.11052083333333336
1 0.19346064814814815 0.4890625 0.0711226851851852 0.11072916666666668