0 0.14041666666666666 0.2644328703703704 0.12104166666666667 0.06388888888888893
1 0.39937500000000004 0.24555555555555558 0.0953125 0.05165509259259267
1 0.49437499999999995 0.2920138888888889 0.10281249999999993 0.047372685185185226
1 0.3070833333333333 0.2986111111111111 0.11135416666666664 0.05871527777777778
1 0.5779166666666666 0.3118171296296296 0.09854166666666657 0.05337962962962965
1 0.27020833333333333 0.34957175925925926 0.11062500000000001 0.04777777777777779
1 0.37244791666666666 0.34582754629629625 0.09156250000000003 0.0421180555555555
1 0.48177083333333337 0.3409375 0.10281249999999993 0.047372685185185226
1 0.309375 0.38101851851851853 0.09572916666666664 0.05790509259259267
1 0.42776041666666664 0.36865162037037036 0.1046875 0.052141203703703634
1 0.38984375 0.411880787037037 0.09822916666666667 0.048692129629629655
1 0.5748958333333334 0.41552083333333334 0.10291666666666668 0.04893518518518523
1 0.6746874999999999 0.4134606481481482 0.09499999999999993 0.046967592592592665
1 0.20354166666666665 0.8357291666666666 0.10374999999999997 0.06143518518518505