0 0.47196180555555556 0.7350868055555555 0.05239583333333329 0.09157407407407411
1 0.5275520833333334 0.08305555555555556 0.05062499999999996 0.08680555555555555
1 0.45480902777777776 0.17296296296296293 0.05052083333333339 0.11953703703703704
1 0.35713541666666665 0.23049189814814816 0.05913194444444443 0.10283564814814809
1 0.3592881944444445 0.3494039351851852 0.049548611111111106 0.09766203703703705
1 0.2740104166666667 0.43917824074074074 0.05239583333333329 0.09157407407407411
1 0.2709722222222222 0.5998611111111111 0.046215277777777786 0.09281249999999996
1 0.3151215277777778 0.7299074074074074 0.044791666666666695 0.09585648148148156
1 0.3988194444444445 0.48125578703703703 0.045937499999999964 0.08656249999999996
1 0.41626736111111107 0.6095543981481482 0.05111111111111111 0.09774305555555554
1 0.37374999999999997 0.5514641203703704 0.04934027777777779 0.09297453703703695
1 0.36668402777777775 0.6919965277777778 0.04409722222222223 0.08023148148148138
1 0.3954513888888889 0.7578472222222222 0.044652777777777784 0.09273148148148139