1 0.2375 0.19375 0.04296875 0.08828125
1 0.2265625 0.25390625 0.0421875 0.07578125
1 0.2375 0.3765625 0.04375 0.09375
1 0.503125 0.50546875 0.040625 0.08984375
1 0.22734375 0.47734375 0.04765625 0.08828125
1 0.2609375 0.50625 0.0421875 0.08828125
1 0.20859375 0.55546875 0.04609375 0.0921875
1 0.2625 0.59609375 0.04375 0.096875
1 0.184375 0.68828125 0.04375 0.0921875
1 0.215625 0.73359375 0.04453125 0.096875
1 0.20625 0.82265625 0.04765625 0.11171875
1 0.79921875 0.8140625 0.0515625 0.10625
1 0.425 0.55390625 0.04140625 0.08828125
0 0.3046875 0.65 0.04375 0.096875