0 0.403125 0.48203125 0.08984375 0.04453125
1 0.7265625 0.23359375 0.0875 0.04453125
1 0.43203125 0.26171875 0.08203125 0.0390625
1 0.325 0.31015625 0.10390625 0.040625
1 0.5234375 0.31875 0.0953125 0.040625
1 0.60546875 0.34765625 0.10078125 0.0390625
1 0.29609375 0.35390625 0.10078125 0.04453125
1 0.38828125 0.35859375 0.11484375 0.046875
1 0.51796875 0.371875 0.11171875 0.040625
1 0.34453125 0.3921875 0.0984375 0.04921875
1 0.446875 0.38828125 0.0953125 0.04453125
1 0.18046875 0.41484375 0.09296875 0.05078125
1 0.41953125 0.42890625 0.084375 0.04140625
1 0.584375 0.43828125 0.0875 0.04296875
1 0.696875 0.4375 0.0875 0.03671875
1 0.76796875 0.49765625 0.0984375 0.046875