0 0.28630208333333335 0.6734375 0.07062500000000008 0.121875
1 0.3826041666666667 0.184375 0.07645833333333325 0.115625
1 0.4286979166666667 0.5828125 0.06479166666666672 0.1046875
1 0.3538541666666667 0.32734375 0.0682291666666667 0.109375
1 0.3536458333333333 0.46484375 0.06791666666666671 0.1046875
1 0.38369791666666664 0.540625 0.07135416666666661 0.109375
1 0.40984374999999995 0.63984375 0.06791666666666671 0.1046875
1 0.42885416666666665 0.74921875 0.08218750000000004 0.1078125
1 0.36614583333333334 0.60546875 0.0640625 0.09375
1 0.2690625 0.29765625 0.07458333333333336 0.1109375
1 0.3328125 0.52734375 0.06604166666666664 0.1
1 0.3431770833333333 0.659375 0.06270833333333332 0.096875
1 0.29572916666666665 0.56875 0.06895833333333332 0.096875
1 0.21833333333333335 0.49765625 0.0640625 0.09375
1 0.14078125 0.28359375 0.0682291666666667 0.109375