0 0.27076967592592593 0.2016377314814815 0.06355324074074069 0.09773148148148145
1 0.4650694444444444 0.4059722222222222 0.05657407407407415 0.11167824074074062
1 0.4383796296296296 0.21948495370370372 0.05409722222222228 0.12256944444444447
1 0.4170659722222222 0.5591608796296297 0.05151620370370367 0.1053587962962963
1 0.4088715277777778 0.42087962962962966 0.05988425925925931 0.11484953703703696
1 0.38115740740740744 0.3094733796296296 0.057488425925925846 0.10076388888888888
1 0.3745717592592593 0.5941956018518518 0.05574074074074069 0.0976157407407408
1 0.3520659722222222 0.412337962962963 0.060983796296296335 0.10706018518518512
1 0.3385763888888889 0.5673611111111111 0.054907407407407405 0.08355324074074062
1 0.32484375 0.480769675925926 0.05730324074074069 0.09763888888888879
1 0.30335069444444446 0.6194907407407407 0.05105324074074069 0.0975462962962963
1 0.27041666666666664 0.44638888888888884 0.05758101851851851 0.10232638888888879