0 0.5258217592592593 0.33738425925925924 0.10515046296296297 0.06560185185185183
1 0.678119212962963 0.7574305555555555 0.09111111111111114 0.0683101851851852
1 0.6467071759259259 0.7346296296296296 0.08952546296296297 0.06513888888888886
1 0.610306712962963 0.7765104166666668 0.08950231481481481 0.062013888888888855
1 0.6152604166666666 0.7071412037037037 0.08950231481481481 0.062013888888888855
1 0.5796354166666667 0.748263888888889 0.08952546296296297 0.06513888888888886
1 0.5752430555555555 0.6825231481481481 0.08950231481481481 0.062013888888888855
1 0.5282002314814814 0.6584780092592593 0.09265046296296298 0.06523148148148153
1 0.4964814814814815 0.6997164351851852 0.09891203703703688 0.0669791666666665
1 0.5396354166666667 0.7259895833333333 0.09265046296296298 0.06523148148148153
1 0.5362268518518518 0.7930613425925926 0.08638888888888889 0.06348379629629619
1 0.5032291666666666 0.7670891203703704 0.10831018518518523 0.0703819444444445
1 0.4561921296296296 0.7438252314814815 0.10363425925925931 0.0718055555555555
1 0.46293981481481483 0.8111979166666666 0.09265046296296298 0.06523148148148153
1 0.4182465277777778 0.7880034722222222 0.11145833333333321 0.07359953703703717
1 0.3779571759259259 0.8321122685185186 0.10519675925925923 0.07185185185185183