1 0.7908101851851852 0.12725694444444444 0.04288194444444464 0.096875
1 0.6439872685185185 0.13110532407407408 0.04758101851851855 0.09878472222222223
0 0.7963310185185185 0.5414641203703704 0.05538194444444446 0.09780092592592596
1 0.5632754629629629 0.16987847222222222 0.04760416666666671 0.1019097222222222
1 0.6057175925925926 0.23778935185185182 0.04907407407407405 0.08952546296296297
1 0.661087962962963 0.24696180555555552 0.039699074074074046 0.08883101851851852
1 0.7921469907407408 0.2630208333333333 0.05065972222222222 0.09276620370370363
1 0.7772453703703703 0.37734375 0.05539351851851855 0.09936342592592595
1 0.6248958333333333 0.38940972222222225 0.04756944444444446 0.09722222222222214
1 0.5221064814814815 0.35173611111111114 0.041284722222222216 0.09207175925925926
1 0.7639409722222222 0.48686342592592596 0.05381944444444446 0.09768518518518512
1 0.6610358796296296 0.5702256944444445 0.04762731481481488 0.10503472222222214
1 0.5997048611111111 0.733275462962963 0.04765046296296305 0.10815972222222214
1 0.7862210648148149 0.7467881944444444 0.04756944444444446 0.09722222222222214