0 0.6725983796296295 0.5482002314814816 0.05674768518518505 0.10076388888888879
1 0.7307407407407407 0.2850405092592593 0.049849537037037095 0.0881712962962963
1 0.6709895833333334 0.27811921296296294 0.05181712962962966 0.09600694444444446
1 0.6005150462962963 0.5984490740740741 0.05082175925925938 0.10692129629629629
1 0.5891030092592592 0.5174305555555556 0.044166666666666646 0.09901620370370381
1 0.548599537037037 0.3049131944444444 0.04688657407407391 0.09124999999999997
1 0.5409143518518518 0.5735706018518518 0.04556712962962965 0.09591435185185179
1 0.48997685185185186 0.3213946759259259 0.05289351851851851 0.08665509259259263
1 0.4652662037037037 0.37640624999999994 0.050254629629629656 0.0959837962962963
1 0.46942708333333333 0.8080439814814815 0.050254629629629656 0.09598379629629612
1 0.4449247685185185 0.9192592592592593 0.04629629629629619 0.10997685185185162
1 0.20642939814814815 0.7010879629629629 0.05682870370370372 0.10232638888888879
1 0.18792824074074072 0.440625 0.04327546296296294 0.08182870370370363
1 0.1143576388888889 0.7453877314814814 0.06275462962962966 0.09616898148148145