0 0.7775752314814814 0.20567708333333332 0.07829861111111107 0.1125
1 0.7425636574074075 0.042109375000000004 0.07025462962962976 0.08421875000000001
1 0.7027199074074074 0.053697916666666665 0.07326388888888893 0.10739583333333333
1 0.5359085648148149 0.10166666666666666 0.0700231481481481 0.1057291666666667
1 0.6000868055555555 0.07776041666666667 0.0752893518518519 0.11385416666666667
1 0.6487268518518519 0.10906249999999999 0.07517361111111107 0.11229166666666668
1 0.6213541666666667 0.1846875 0.06678240740740744 0.10395833333333333
1 0.42647569444444444 0.21416666666666667 0.06892361111111107 0.11187500000000003
1 0.676417824074074 0.2815104166666667 0.07181712962962976 0.10895833333333335
1 0.6245081018518519 0.36505208333333333 0.07146990740740726 0.10427083333333335
1 0.6716145833333333 0.4286458333333333 0.06510416666666678 0.10229166666666671
1 0.6428530092592593 0.5915104166666667 0.0625 0.08812499999999997
1 0.7277488425925925 0.6777083333333334 0.06354166666666679 0.10218749999999996