0 0.3953125 0.3214930555555556 0.05 0.09597222222222221
1 0.23984375 0.3151215277777778 0.0484375 0.1005902777777778
1 0.29453125 0.2955034722222222 0.0546875 0.11336805555555554
1 0.37890625 0.6003472222222221 0.053125 0.10079861111111121
1 0.45703125 0.4625 0.05625 0.09468750000000004
1 0.46171875 0.3661979166666667 0.0484375 0.10059027777777771
1 0.4875 0.3048958333333333 0.053125 0.10236111111111112
1 0.5109375 0.36401041666666667 0.053125 0.09454861111111112
1 0.51484375 0.7872743055555556 0.0546875 0.11336805555555554
1 0.54453125 0.8945486111111112 0.0578125 0.11038194444444471
1 0.7734375 0.64609375 0.05625 0.10093750000000004
1 0.84140625 0.6758854166666667 0.053125 0.10236111111111104
1 0.78125 0.38793402777777775 0.0484375 0.08965277777777772