0 0.42406249999999995 0.4973263888888889 0.10128472222222236 0.06624999999999996
1 0.6637673611111111 0.17215277777777777 0.09815972222222236 0.06618055555555555
1 0.3892361111111111 0.27678819444444447 0.09163194444444445 0.059791666666666646
1 0.3002777777777778 0.35149305555555554 0.11222222222222218 0.06649305555555554
1 0.49307291666666675 0.30810763888888887 0.10434027777777785 0.06475694444444446
1 0.5801388888888889 0.31399305555555557 0.10902777777777786 0.06486111111111112
1 0.28531249999999997 0.401875 0.11079861111111108 0.06958333333333329
1 0.3743576388888889 0.3819097222222222 0.12670138888888882 0.07618055555555561
1 0.5032118055555556 0.3602777777777778 0.121736111111111 0.06982638888888885
1 0.34267361111111116 0.425625 0.1110069444444445 0.07427083333333329
1 0.43907986111111114 0.3953298611111111 0.10604166666666667 0.06791666666666671
1 0.19151041666666668 0.49076388888888883 0.10631944444444445 0.07416666666666671
1 0.4247222222222223 0.4417881944444444 0.09482638888888886 0.061423611111111144
1 0.5858333333333333 0.40692708333333333 0.09815972222222218 0.06618055555555546
1 0.6931770833333333 0.3763888888888889 0.09631944444444436 0.0598958333333333
1 0.7786111111111111 0.41593750000000007 0.1093055555555555 0.07111111111111121