1 0.22970486111111113 0.1912037037037037 0.09625000000000003 0.05694444444444442
1 0.29149305555555555 0.18918402777777776 0.08361111111111104 0.053726851851851845
1 0.4097048611111111 0.21798611111111113 0.10256944444444453 0.05855324074074071
1 0.4822916666666667 0.5001678240740741 0.09774305555555554 0.05539351851851855
1 0.5102083333333333 0.22348958333333332 0.09638888888888886 0.06006944444444447
1 0.5319791666666667 0.2608159722222222 0.09618055555555571 0.05538194444444446
1 0.5901736111111111 0.21664930555555556 0.10114583333333335 0.06166666666666672
1 0.6195659722222222 0.27578703703703705 0.10569444444444435 0.05857638888888887
1 0.7254687499999999 0.21252314814814816 0.10100694444444436 0.058541666666666714
1 0.7636458333333334 0.24972800925925925 0.10569444444444435 0.05857638888888887
1 0.8532812499999999 0.25375000000000003 0.121597222222222 0.06494212962962961
1 0.7257465277777777 0.8388773148148149 0.115486111111111 0.06802083333333328
1 0.5455381944444444 0.4301909722222222 0.09454861111111104 0.05380787037037038
0 0.6642187500000001 0.3254398148148148 0.10569444444444435 0.05857638888888887