0 0.3354861111111111 0.5743807870370371 0.06628472222222222 0.10402777777777779
1 0.25114583333333335 0.3199652777777778 0.05946759259259267 0.09299768518518521
1 0.30896990740740743 0.3042534722222222 0.061435185185185225 0.10083333333333329
1 0.41267361111111106 0.6154571759259259 0.062002314814814954 0.11177083333333329
1 0.4146296296296296 0.5325520833333334 0.05370370370370363 0.10228009259259245
1 0.43227430555555557 0.31493634259259257 0.056504629629629655 0.09607638888888896
1 0.46804398148148146 0.5825810185185185 0.055185185185185046 0.1007407407407408
1 0.4921354166666667 0.32343171296296297 0.0608680555555555 0.08989583333333329
1 0.5229340277777779 0.3745775462962963 0.05987268518518505 0.10081018518518511
1 0.5633854166666666 0.8079050925925927 0.05987268518518522 0.10081018518518511
1 0.5994444444444444 0.9152662037037036 0.05747685185185194 0.11482638888888914
1 0.8116840277777779 0.6658391203703704 0.06792824074074062 0.10561342592592596
1 0.8026793981481483 0.401707175925926 0.05133101851851833 0.08663194444444447
1 0.9071354166666665 0.6972627314814815 0.07237268518518505 0.10099537037037046