0 0.6348032407407407 0.4228645833333333 0.10556712962962962 0.06402777777777775
1 0.8177372685185185 0.4757118055555556 0.09141203703703696 0.05715277777777779
1 0.8043576388888889 0.5224305555555555 0.08831018518518512 0.05857638888888896
1 0.7847395833333334 0.5702083333333333 0.09768518518518512 0.058993055555555604
1 0.7852604166666667 0.6053645833333332 0.0835532407407408 0.05368055555555564
1 0.7999479166666668 0.6469270833333333 0.10081018518518511 0.05913194444444443
1 0.7856481481481482 0.6843055555555556 0.09141203703703712 0.05715277777777779
1 0.6771527777777777 0.7485416666666667 0.09453703703703695 0.05729166666666661
1 0.6666608796296296 0.6207986111111111 0.10085648148148145 0.06225694444444443
1 0.5989930555555556 0.7496701388888889 0.09462962962962962 0.06354166666666661
1 0.27098958333333334 0.6141493055555556 0.09934027777777779 0.06531249999999993
1 0.21446759259259257 0.5455208333333333 0.11032407407407412 0.06892361111111107