0 0.3248090277777778 0.7908854166666667 0.09844907407407408 0.05958333333333332
1 0.32416087962962964 0.55765625 0.1014814814814815 0.05666666666666664
1 0.8089178240740742 0.37973958333333335 0.10285879629629627 0.050520833333333307
1 0.8133854166666665 0.42484374999999996 0.08888888888888893 0.05270833333333336
1 0.8109837962962964 0.47588541666666667 0.0871412037037036 0.046354166666666606
1 0.8118865740740742 0.5063541666666667 0.09826388888888893 0.05333333333333332
1 0.8397222222222223 0.5475520833333334 0.1044675925925926 0.05218749999999996
1 0.8407638888888889 0.5827083333333333 0.09982638888888892 0.05343750000000007
1 0.7132523148148148 0.5591145833333333 0.09513888888888893 0.053125
1 0.7534895833333334 0.6754166666666667 0.09826388888888893 0.05333333333333332
1 0.6821701388888888 0.6989583333333333 0.0999189814814816 0.05656250000000007