0 0.40320023148148143 0.5932986111111112 0.09777777777777778 0.06524305555555561
1 0.3010069444444444 0.57859375 0.09777777777777778 0.06524305555555561
1 0.4972569444444444 0.5239930555555555 0.09768518518518512 0.058993055555555604
1 0.5492418981481482 0.44499999999999995 0.10878472222222228 0.07041666666666657
1 0.18991319444444443 0.4259027777777778 0.08833333333333333 0.060138888888888783
1 0.1486689814814815 0.30758680555555556 0.08831018518518521 0.05857638888888887
1 0.2029340277777778 0.2857638888888889 0.09150462962962962 0.06340277777777778
1 0.3186863425925926 0.2823090277777778 0.09462962962962962 0.06354166666666669
1 0.3832349537037037 0.25234375 0.10246527777777778 0.06545138888888893
1 0.503275462962963 0.22328125000000001 0.10092592592592595 0.06694444444444443
1 0.5316261574074075 0.2620659722222222 0.09773148148148145 0.06211805555555561
1 0.6132638888888889 0.18673611111111113 0.10099537037037046 0.07163194444444443