0 0.8417476851851852 0.6357291666666667 0.06315972222222221 0.09322916666666678
1 0.4863368055555556 0.12453125000000001 0.06957175925925937 0.11552083333333334
1 0.5792592592592593 0.22999999999999998 0.07423611111111121 0.11270833333333333
1 0.6444965277777778 0.17255208333333333 0.07438657407407412 0.1330208333333333
1 0.7575173611111111 0.09473958333333335 0.06006944444444447 0.09770833333333333
1 0.636707175925926 0.4861979166666666 0.06006944444444447 0.09770833333333329
1 0.6785706018518518 0.5271354166666666 0.06476851851851854 0.09958333333333336
1 0.6650868055555555 0.4499479166666667 0.06325231481481489 0.10572916666666679
1 0.6478761574074074 0.34880208333333335 0.06327546296296305 0.10885416666666661
1 0.7124479166666667 0.48661458333333335 0.060092592592592455 0.10083333333333329
1 0.692806712962963 0.39734375 0.06484953703703696 0.11052083333333336
1 0.7465219907407408 0.5249479166666666 0.06790509259259263 0.10135416666666668
1 0.785787037037037 0.6004166666666666 0.07118055555555554 0.121875
1 0.7455671296296297 0.4430208333333333 0.06318287037037038 0.09635416666666678
1 0.7886863425925925 0.31442708333333336 0.06484953703703696 0.11052083333333336