0 0.596099537037037 0.6292129629629629 0.1003819444444444 0.05230324074074062
1 0.3196527777777778 0.7523611111111111 0.1003819444444444 0.052303240740740796
1 0.18203703703703705 0.6322800925925927 0.09564814814814815 0.04601851851851855
1 0.17394675925925926 0.594837962962963 0.1019444444444444 0.05231481481481488
1 0.20881944444444445 0.5562962962962963 0.10033564814814815 0.04605324074074062
1 0.2132465277777778 0.5211053240740741 0.09718749999999998 0.042905092592592634
1 0.20662615740740745 0.4711516203703704 0.08467592592592599 0.04125000000000014
1 0.20082175925925924 0.4258796296296296 0.09098379629629631 0.049108796296296296
1 0.4946006944444445 0.42760995370370375 0.09880787037037031 0.050729166666666714
1 0.7447453703703704 0.4452893518518518 0.10822916666666664 0.057048611111111217
1 0.3122800925925926 0.6008449074074074 0.09096064814814815 0.0459837962962963