0 0.5465277777777777 0.6529108796296297 0.09059027777777776 0.052881944444444426
1 0.7411226851851852 0.5745081018518519 0.0841550925925926 0.04653935185185176
1 0.66984375 0.5797048611111111 0.09040509259259259 0.04663194444444443
1 0.6378877314814815 0.7613425925925925 0.08728009259259259 0.0465856481481481
1 0.7082523148148148 0.8397627314814814 0.09049768518518526 0.04975694444444443
1 0.6392476851851852 0.8473379629629629 0.09362268518518527 0.04980324074074076
1 0.5666898148148147 0.7110474537037037 0.09040509259259259 0.04663194444444443
1 0.5256018518518518 0.8315856481481483 0.08737268518518526 0.049710648148148094
1 0.47093749999999995 0.7244791666666666 0.09674768518518526 0.049849537037037095
1 0.4302256944444444 0.8059432870370371 0.09049768518518526 0.04975694444444443
1 0.4067071759259259 0.7555729166666667 0.10299768518518508 0.049942129629629586
1 0.3540740740740741 0.7118055555555556 0.1030439814814815 0.05150462962962958
1 0.28001157407407407 0.8373263888888889 0.09527777777777775 0.05295138888888893
1 0.23126736111111112 0.767824074074074 0.10621527777777776 0.05311342592592592
1 0.13914351851851853 0.7906886574074073 0.10157407407407408 0.054606481481481596