1 0.18125 0.24921875 0.04296875 0.0921875
1 0.44609375 0.253125 0.03984375 0.08671875
1 0.25625 0.3296875 0.04296875 0.08515625
1 0.190625 0.37890625 0.04453125 0.08828125
1 0.29375 0.4375 0.0421875 0.0953125
1 0.3234375 0.4796875 0.04140625 0.08984375
1 0.25703125 0.490625 0.04765625 0.08984375
1 0.29609375 0.53671875 0.04375 0.096875
1 0.19765625 0.53359375 0.04453125 0.08671875
1 0.25703125 0.57109375 0.04453125 0.096875
1 0.21171875 0.6078125 0.0453125 0.1078125
1 0.2890625 0.615625 0.0453125 0.103125
1 0.3328125 0.65546875 0.040625 0.1078125
1 0.21796875 0.82890625 0.0484375 0.10625
1 0.14921875 0.90078125 0.05078125 0.103125
0 0.371875 0.60390625 0.04453125 0.09375