0 0.19609375 0.315625 0.04921875 0.1
1 0.18125 0.1375 0.04296875 0.0984375
1 0.22578125 0.14921875 0.04765625 0.0953125
1 0.39921875 0.15 0.04375 0.09375
1 0.33125 0.14453125 0.046875 0.1015625
1 0.29296875 0.1875 0.04609375 0.1
1 0.340625 0.253125 0.040625 0.09375
1 0.5359375 0.228125 0.040625 0.1015625
1 0.31484375 0.36015625 0.0453125 0.096875
1 0.3875 0.4265625 0.0453125 0.0921875
1 0.36015625 0.5 0.0390625 0.0921875
1 0.43359375 0.6484375 0.040625 0.07734375
1 0.37578125 0.75390625 0.03828125 0.0921875