0 0.3672743055555555 0.7256018518518518 0.06005787037037038 0.09386574074074083
1 0.5564756944444444 0.08146412037037037 0.05831018518518523 0.09064814814814814
1 0.46673611111111113 0.1638541666666667 0.060254629629629616 0.12346064814814817
1 0.35954861111111114 0.21224537037037033 0.06704861111111109 0.10673611111111114
1 0.3369791666666667 0.3303587962962963 0.057395833333333354 0.10149305555555559
1 0.23483217592592592 0.41192708333333333 0.06005787037037038 0.09386574074074083
1 0.19891782407407407 0.5713136574074074 0.05399305555555558 0.09662037037037034
1 0.2151273148148148 0.7050347222222222 0.05261574074074078 0.09965277777777785
1 0.3484548611111111 0.4651388888888889 0.053622685185185225 0.09037037037037052
1 0.33842592592592596 0.5949652777777777 0.058958333333333356 0.10158564814814816
1 0.3085821759259259 0.5336747685185186 0.05711805555555553 0.0968055555555555
1 0.2731365740740741 0.6720138888888889 0.050127314814814736 0.0839351851851852
1 0.2877199074074074 0.7412152777777777 0.052430555555555536 0.09652777777777785