1 0.13761574074074073 0.31175347222222227 0.060833333333333336 0.09975694444444443
1 0.3999594907407407 0.2753819444444444 0.056076388888888926 0.09496527777777777
1 0.2249247685185185 0.3793402777777778 0.05915509259259259 0.09190972222222218
1 0.16778356481481482 0.43824652777777773 0.05920138888888889 0.09503472222222235
1 0.27891203703703704 0.4805729166666667 0.05931712962962958 0.10284722222222217
1 0.31508680555555557 0.5181076388888888 0.05768518518518517 0.09812499999999993
1 0.25148148148148153 0.5385763888888888 0.06393518518518526 0.09826388888888893
1 0.2969965277777778 0.5786631944444445 0.06090277777777775 0.10444444444444442
1 0.19913194444444443 0.5905555555555555 0.05920138888888889 0.09503472222222235
1 0.2643634259259259 0.6185763888888889 0.06090277777777775 0.10444444444444442
1 0.22543402777777777 0.6614756944444444 0.06575231481481483 0.115486111111111
1 0.30285879629629625 0.6577256944444445 0.06412037037037041 0.11076388888888893
1 0.35239583333333335 0.6900868055555556 0.06104166666666666 0.11381944444444443
1 0.26675925925925925 0.8788715277777778 0.06729166666666667 0.11395833333333343
1 0.21014467592592592 0.9521180555555556 0.06866898148148151 0.09576388888888872
0 0.3829398148148148 0.6329340277777777 0.060856481481481414 0.10131944444444443