0 0.26203125 0.7945543981481482 0.10333333333333332 0.05296296296296284
1 0.08291666666666667 0.8146759259259259 0.10135416666666668 0.046666666666666856
1 0.09760416666666667 0.7697974537037038 0.09854166666666667 0.05126157407407419
1 0.10994791666666667 0.5963368055555556 0.09666666666666668 0.046527777777777855
1 0.09994791666666666 0.6644675925925926 0.1046875 0.04988425925925917
1 0.14036458333333332 0.7014756944444445 0.103125 0.049837962962963014
1 0.20916666666666667 0.6518750000000001 0.09645833333333335 0.04340277777777786
1 0.1971875 0.4573032407407407 0.10427083333333335 0.043634259259259164
1 0.3144791666666667 0.6744849537037038 0.09989583333333334 0.04818287037037052
1 0.3857291666666667 0.5998611111111112 0.09520833333333326 0.04804398148148152
1 0.45734375000000005 0.6250289351851852 0.09479166666666679 0.04179398148148152
1 0.6106770833333334 0.5471932870370371 0.08083333333333335 0.04293981481481488
1 0.7122916666666667 0.6018807870370371 0.09468750000000004 0.04023148148148152