0 0.584693287037037 0.3730324074074074 0.09635416666666678 0.059664351851851816
1 0.7852141203703704 0.45057870370370373 0.08796296296296298 0.0515625
1 0.7140046296296296 0.4463831018518518 0.0943287037037038 0.05335648148148149
1 0.6646412037037036 0.2638020833333333 0.09120370370370381 0.05324074074074074
1 0.7274305555555556 0.18587962962962962 0.09612268518518512 0.05653935185185181
1 0.6575520833333334 0.17861689814814816 0.09924768518518512 0.056655092592592604
1 0.5982638888888889 0.3143229166666667 0.0943287037037038 0.05335648148148149
1 0.5464988425925925 0.19398148148148148 0.09288194444444428 0.05486111111111107
1 0.5022569444444445 0.301417824074074 0.10237268518518512 0.056770833333333395
1 0.45332754629629635 0.21935763888888893 0.09612268518518512 0.0565393518518519
1 0.43532986111111105 0.27089120370370373 0.10873842592592595 0.05856481481481488
1 0.3863425925925926 0.31426504629629626 0.1088541666666667 0.06012731481481488
1 0.3006944444444445 0.18877314814814813 0.10104166666666661 0.059837962962962975
1 0.25908564814814816 0.258130787037037 0.11209490740740743 0.06180555555555554
1 0.16467013888888887 0.23515625 0.10584490740740744 0.061574074074074045