0 0.6443749999999999 0.617025462962963 0.06802083333333328 0.10986111111111115
1 0.23427083333333334 0.6860590277777778 0.07677083333333332 0.12438657407407412
1 0.26031250000000006 0.6130902777777778 0.07114583333333328 0.1100462962962963
1 0.2833333333333333 0.5266087962962963 0.06385416666666668 0.09405092592592582
1 0.30640625 0.46287615740740745 0.0598958333333333 0.08136574074074084
1 0.33140625 0.3820023148148148 0.0640625 0.09717592592592598
1 0.34869791666666666 0.42851851851851847 0.07041666666666666 0.09910879629629629
1 0.3269791666666667 0.49546875 0.05145833333333334 0.07152777777777786
1 0.30166666666666664 0.5810300925925926 0.07114583333333328 0.1100462962962963
1 0.2810416666666667 0.6551041666666666 0.0723958333333334 0.10545138888888879
1 0.32515625 0.6286979166666666 0.07354166666666666 0.12263888888888878
1 0.3484375 0.5500752314814814 0.0651041666666667 0.08945601851851848
1 0.3706770833333334 0.46354745370370376 0.06208333333333336 0.09083333333333332
1 0.36932291666666667 0.5897453703703703 0.0651041666666666 0.08945601851851848
1 0.38812499999999994 0.5194849537037036 0.06791666666666671 0.10829861111111114
1 0.41192708333333333 0.5624652777777778 0.06843749999999993 0.09276620370370381