0 0.6958449074074073 0.6091145833333333 0.056238425925925914 0.10833333333333321
1 0.3015451388888889 0.7038020833333334 0.06423611111111108 0.12135416666666661
1 0.3160590277777778 0.62984375 0.05936342592592592 0.10854166666666672
1 0.32567708333333334 0.5415104166666667 0.052881944444444426 0.09250000000000007
1 0.3387673611111111 0.4768229166666667 0.051134259259259275 0.07989583333333332
1 0.3515914351851852 0.39416666666666667 0.05449074074074076 0.09572916666666664
1 0.3756886574074074 0.44026041666666665 0.06076388888888893 0.09770833333333329
1 0.36419560185185185 0.5073958333333334 0.043182870370370365 0.06999999999999992
1 0.3522222222222222 0.5947916666666666 0.05934027777777775 0.10697916666666671
1 0.3431886574074074 0.6698958333333334 0.060856481481481504 0.10395833333333329
1 0.3825694444444444 0.6413020833333334 0.061111111111111074 0.12114583333333329
1 0.39308449074074076 0.5608333333333333 0.055914351851851764 0.08645833333333339
1 0.4027141203703704 0.47328125 0.0528356481481481 0.08937500000000007
1 0.42019097222222224 0.5993229166666667 0.05591435185185194 0.08645833333333339
1 0.42850115740740746 0.5280729166666667 0.056215277777777926 0.10677083333333322
1 0.45799768518518513 0.56984375 0.059108796296296263 0.09135416666666671