0 0.4916666666666666 0.5622685185185186 0.06260416666666657 0.09864583333333332
1 0.7161458333333334 0.19490162037037037 0.06239583333333343 0.09552083333333336
1 0.7096875 0.49020833333333336 0.05572916666666679 0.08890046296296283
1 0.6693749999999999 0.6046527777777777 0.06187499999999986 0.11105324074074083
1 0.6464583333333334 0.4114699074074074 0.059791666666666646 0.10314814814814817
1 0.6109895833333333 0.33653356481481483 0.060104166666666715 0.10783564814814817
1 0.6280208333333334 0.6413425925925926 0.06479166666666672 0.10811342592592581
1 0.61609375 0.5517824074074074 0.07052083333333332 0.12401620370370381
1 0.59328125 0.42707175925925933 0.0640625 0.12052083333333333
1 0.5855208333333334 0.6018402777777778 0.06947916666666672 0.10839120370370381
1 0.5821875000000001 0.5000983796296297 0.06291666666666665 0.10333333333333332
1 0.5752604166666666 0.7674189814814815 0.06916666666666664 0.10370370370370381
1 0.54328125 0.5350868055555555 0.057499999999999926 0.0921180555555555
1 0.5220312500000001 0.3752662037037037 0.06239583333333343 0.09552083333333332
1 0.5146354166666667 0.26442708333333337 0.05614583333333343 0.095150462962963
1 0.44921875 0.2068287037037037 0.06635416666666671 0.10820601851851848