0 0.359375 0.4265625 0.04609375 0.08828125
1 0.45 0.2390625 0.03984375 0.08203125
1 0.440625 0.31015625 0.04140625 0.08828125
1 0.25703125 0.3265625 0.03984375 0.08515625
1 0.18359375 0.25 0.04375 0.08671875
1 0.171875 0.31875 0.04296875 0.08984375
1 0.30234375 0.40234375 0.03984375 0.08671875
1 0.1796875 0.4328125 0.04296875 0.08515625
1 0.2828125 0.49609375 0.04375 0.09375
1 0.1984375 0.53046875 0.04453125 0.08671875
1 0.24765625 0.5578125 0.04375 0.1
1 0.2875 0.6140625 0.0453125 0.1
1 0.1578125 0.67734375 0.04609375 0.0921875
1 0.2234375 0.73203125 0.04609375 0.103125
1 0.19453125 0.821875 0.0484375 0.096875