0 0.38147569444444446 0.40411458333333333 0.09855324074074065 0.06104166666666675
1 0.27889467592592593 0.4280729166666667 0.09855324074074075 0.06104166666666657
1 0.475150462962963 0.4647916666666667 0.09818287037037035 0.05479166666666657
1 0.5268171296296297 0.5383854166666666 0.10820601851851848 0.06635416666666671
1 0.16655671296296298 0.5904166666666667 0.08899305555555555 0.05729166666666661
1 0.12514467592592593 0.7114583333333334 0.08890046296296297 0.05572916666666679
1 0.17862847222222222 0.728125 0.09221064814814817 0.05906249999999993
1 0.29498842592592595 0.7211458333333333 0.09542824074074074 0.06083333333333343
1 0.359681712962963 0.745625 0.10324074074074074 0.06135416666666664
1 0.4800752314814815 0.7625 0.1017708333333335 0.06281250000000008
1 0.5081712962962962 0.72171875 0.0983680555555555 0.057916666666666575
1 0.5905381944444444 0.7893749999999999 0.10048611111111114 0.06739583333333332