1 0.4842013888888889 0.5000983796296297 0.10002314814814817 0.05384259259259263
1 0.5619386574074074 0.4401736111111111 0.11408564814814817 0.0539467592592592
1 0.7046875 0.205625 0.10664351851851847 0.060138888888888874
1 0.6033333333333333 0.25557291666666665 0.10030092592592581 0.058530092592592634
1 0.5894270833333334 0.21350694444444446 0.10011574074074084 0.05540509259259263
1 0.4608912037037037 0.20821180555555557 0.10480324074074084 0.05543981481481479
1 0.22146412037037036 0.20295717592592594 0.08871527777777777 0.047511574074074046
1 0.28438078703703706 0.19546296296296298 0.08890046296296301 0.05063657407407409
1 0.22026041666666668 0.3286921296296296 0.08890046296296292 0.05063657407407405
1 0.39760416666666665 0.22195601851851848 0.09846064814814817 0.05383101851851855
0 0.26867476851851857 0.4868576388888889 0.0921180555555555 0.05222222222222221