0 0.7004513888888889 0.7875347222222222 0.0636111111111111 0.09619212962962961
1 0.5316666666666666 0.5800173611111111 0.05656250000000007 0.11326388888888897
1 0.5358333333333334 0.767332175925926 0.05392361111111103 0.12415509259259246
1 0.5977777777777777 0.42757523148148147 0.05315972222222225 0.10696759259259263
1 0.5900347222222222 0.5666608796296296 0.059826388888888894 0.11643518518518511
1 0.6038194444444445 0.6781018518518518 0.05763888888888893 0.10234953703703695
1 0.6445833333333333 0.3933101851851852 0.05593749999999993 0.09920138888888896
1 0.6450520833333333 0.5759953703703704 0.06253472222222226 0.10710648148148146
1 0.6777083333333334 0.42092592592592587 0.055312499999999966 0.08513888888888879
1 0.6808854166666667 0.5075405092592593 0.057499999999999926 0.09922453703703696
1 0.7182118055555555 0.37035879629629626 0.05124999999999993 0.09913194444444447
1 0.7308159722222222 0.5434953703703703 0.05770833333333343 0.10391203703703696