0 0.5415451388888888 0.6817650462962963 0.10194444444444457 0.04671296296296283
1 0.5908159722222222 0.24201967592592594 0.08503472222222222 0.052453703703703704
1 0.5653124999999999 0.27020833333333333 0.08489583333333321 0.0493287037037037
1 0.5198263888888889 0.23756944444444444 0.08475694444444457 0.046203703703703705
1 0.5411284722222222 0.30391203703703706 0.08475694444444457 0.046203703703703705
1 0.4963888888888889 0.27207754629629627 0.08489583333333321 0.0493287037037037
1 0.5075694444444444 0.337337962962963 0.0847569444444444 0.046203703703703705
1 0.4677604166666667 0.3705787037037037 0.0880208333333334 0.04942129629629628
1 0.4261805555555556 0.33805555555555555 0.09427083333333322 0.04960648148148152
1 0.46296874999999993 0.30237847222222225 0.08802083333333321 0.049421296296296366
1 0.44312500000000005 0.23842592592592596 0.08177083333333321 0.049236111111111036
1 0.41666666666666663 0.2704976851851852 0.10364583333333321 0.04988425925925925
1 0.37685763888888885 0.3037384259259259 0.09909722222222221 0.052870370370370345
1 0.3673090277777778 0.23696180555555557 0.0880208333333334 0.049421296296296366
1 0.3283159722222222 0.2694444444444445 0.10690972222222221 0.05310185185185183
1 0.2782118055555555 0.23510416666666667 0.10065972222222222 0.05291666666666668