0 0.35791666666666666 0.6241203703703704 0.09732638888888889 0.06237268518518526
1 0.1571412037037037 0.6203645833333333 0.10038194444444448 0.053043981481481595
1 0.16777777777777775 0.6611516203703703 0.10358796296296298 0.06402777777777775
1 0.16886574074074073 0.7252372685185186 0.10047453703703706 0.06554398148148141
1 0.27532407407407405 0.6986863425925925 0.1113888888888889 0.06258101851851841
1 0.3712962962962963 0.7165162037037037 0.10671296296296298 0.06407407407407409
1 0.45201967592592596 0.6833333333333333 0.10199074074074073 0.05931712962962976
1 0.4750405092592593 0.6344502314814815 0.10042824074074072 0.05929398148148159
1 0.22722222222222221 0.7581365740740741 0.11135416666666664 0.05789351851851858
1 0.19310763888888888 0.827951388888889 0.1114236111111111 0.06726851851851841
1 0.18964120370370371 0.8739988425925926 0.10355324074074072 0.05934027777777793