0 0.21875 0.75625 0.09296875 0.053125
1 0.415625 0.5640625 0.109375 0.04453125
1 0.2296875 0.5890625 0.1203125 0.04140625
1 0.57109375 0.6125 0.10390625 0.040625
1 0.4328125 0.6203125 0.11171875 0.046875
1 0.32265625 0.646875 0.0984375 0.046875
1 0.6078125 0.65546875 0.0953125 0.0453125
1 0.4265625 0.6765625 0.10390625 0.05078125
1 0.58203125 0.69140625 0.08203125 0.0453125
1 0.49609375 0.7046875 0.0953125 0.04765625
1 0.63515625 0.7265625 0.0953125 0.04140625
1 0.46328125 0.75859375 0.10078125 0.04765625