0 0.6846180555555555 0.5468287037037036 0.04996527777777775 0.10563657407407412
1 0.44992476851851854 0.18673611111111113 0.053043981481481595 0.1026736111111111
1 0.6766550925925926 0.23993055555555554 0.056238425925925914 0.10752314814814809
1 0.5957986111111111 0.31470486111111107 0.05148148148148159 0.10259259259259253
1 0.7752777777777778 0.44363425925925926 0.05453703703703709 0.09806712962962968
1 0.6240219907407407 0.5733969907407408 0.04672453703703709 0.09766203703703695
1 0.6585185185185185 0.6197511574074074 0.04670138888888893 0.09609953703703696
1 0.6976851851851851 0.7202951388888889 0.04499999999999993 0.08664351851851855
1 0.7535185185185185 0.7513368055555556 0.05917824074074076 0.09518518518518526
1 0.614554398148148 0.7902604166666667 0.046793981481481596 0.10234953703703695
1 0.3066608796296296 0.7797685185185186 0.049942129629629586 0.10407407407407412
1 0.22673032407407406 0.6864930555555555 0.05467592592592592 0.10744212962962969