0 0.371730324074074 0.6214409722222223 0.06325231481481489 0.10295138888888893
1 0.4214699074074074 0.48194444444444445 0.056921296296296296 0.09187499999999993
1 0.32966435185185183 0.742361111111111 0.06325231481481489 0.10295138888888893
1 0.33546875 0.3659895833333333 0.06481481481481488 0.10298611111111108
1 0.2930729166666667 0.5478298611111111 0.06637731481481479 0.10302083333333342
1 0.3047164351851852 0.4324826388888889 0.058530092592592634 0.09815972222222218
1 0.25506365740740744 0.5836979166666667 0.06950231481481488 0.10309027777777775
1 0.17434027777777777 0.6529861111111112 0.06638888888888887 0.10458333333333343
1 0.19214699074074076 0.5260590277777778 0.06325231481481479 0.10295138888888893
1 0.26557870370370373 0.4214583333333334 0.06327546296296296 0.10607638888888893
1 0.22048032407407409 0.34390625 0.06320601851851855 0.09670138888888893