0 0.27293402777777775 0.4529224537037037 0.06439814814814815 0.09863425925925924
1 0.6538368055555555 0.7341550925925926 0.06768518518518504 0.1018518518518519
1 0.4671180555555555 0.7396874999999999 0.06348379629629619 0.1110879629629629
1 0.3043055555555555 0.34434606481481483 0.0719444444444445 0.1238194444444444
1 0.36460648148148145 0.68578125 0.061435185185185225 0.10166666666666657
1 0.31878472222222226 0.6668576388888889 0.0664467592592592 0.10805555555555557
1 0.309994212962963 0.52046875 0.058067129629629656 0.09688657407407408
1 0.2858449074074074 0.6101099537037037 0.07310185185185185 0.1160532407407409
1 0.26870949074074074 0.5193518518518518 0.06348379629629627 0.1110879629629629
1 0.26392361111111107 0.6567824074074073 0.06561342592592592 0.12207175925925924
1 0.19186342592592592 0.6323958333333334 0.06356481481481482 0.11265046296296291