0 0.656238425925926 0.4266493055555555 0.11761574074074073 0.07575231481481488
1 0.21858796296296296 0.40112847222222225 0.10166666666666666 0.06365740740740744
1 0.6160185185185185 0.4961805555555555 0.10805555555555557 0.06880787037037042
1 0.47550347222222217 0.5895833333333333 0.11118055555555557 0.06903935185185191
1 0.5992361111111111 0.5639756944444445 0.11292824074074073 0.07540509259259273
1 0.717962962962963 0.5543981481481481 0.11619212962962955 0.08032407407407405
1 0.43489004629629624 0.6458333333333334 0.10341435185185191 0.0700231481481481
1 0.6296238425925926 0.6118344907407407 0.10341435185185191 0.0700231481481481
1 0.48572337962962964 0.6702546296296296 0.09086805555555558 0.06753472222222215
1 0.5667881944444444 0.657986111111111 0.10805555555555557 0.06880787037037024
1 0.444050925925926 0.7171875 0.11931712962962955 0.08055555555555553
1 0.6073553240740741 0.7058738425925926 0.10516203703703705 0.07638888888888892