0 0.7334027777777777 0.440625 0.05542824074074062 0.1046875
1 0.4069675925925925 0.4984375 0.04467592592592595 0.078125
1 0.3715046296296296 0.47421875 0.04820601851851851 0.0859375
1 0.38369791666666664 0.55546875 0.053217592592592664 0.0921875
1 0.35474537037037035 0.6015625 0.047800925925925955 0.078125
1 0.34663194444444445 0.53203125 0.04631944444444445 0.0796875
1 0.3401099537037037 0.446875 0.05049768518518523 0.1
1 0.3 0.421875 0.06175925925925929 0.10625
1 0.31103587962962964 0.4953125 0.0468055555555555 0.0890625
1 0.3185821759259259 0.57578125 0.05618055555555559 0.0890625
1 0.32439236111111114 0.64453125 0.05305555555555559 0.0890625
1 0.26695023148148145 0.38125 0.05009259259259258 0.0921875
1 0.2767997685185185 0.4625 0.059224537037037096 0.0875
1 0.2832002314814815 0.55 0.05076388888888887 0.075
1 0.2922164351851852 0.6171875 0.053217592592592664 0.0921875
1 0.30156828703703703 0.69296875 0.05601851851851851 0.0859375